pumpkin/seq-01/frame-000000 PINHOLE 640 480 525 525 320 240 0.9621098 -0.035044543 -0.27031377 -0.030778661 0.97137272 -0.23547861 0.27083248 0.23488297 0.93350518 -0.67636913 -0.48322707 -0.28379661
pumpkin/seq-01/frame-000001 PINHOLE 640 480 525 525 320 240 0.96222436 -0.035976086 -0.2697829 -0.030430157 0.97077227 -0.23798606 0.27046442 0.23721237 0.9330228 -0.67643517 -0.48493409 -0.28247821
pumpkin/seq-01/frame-000002 PINHOLE 640 480 525 525 320 240 0.9620924 -0.036688913 -0.27015701 -0.030051384 0.97057742 -0.23882766 0.27097553 0.23789977 0.93269938 -0.67627126 -0.48604107 -0.28201592
pumpkin/seq-01/frame-000003 PINHOLE 640 480 525 525 320 240 0.96207511 -0.037888579 -0.27005213 -0.02885453 0.9705795 -0.23896657 0.27116609 0.237703 0.93269396 -0.67598838 -0.48617265 -0.28153753
pumpkin/seq-01/frame-000004 PINHOLE 640 480 525 525 320 240 0.96203065 -0.037221249 -0.27030307 -0.029402552 0.97072339 -0.238314 0.27126479 0.23721996 0.93278813 -0.67544848 -0.48490301 -0.28136817
pumpkin/seq-01/frame-000005 PINHOLE 640 480 525 525 320 240 0.9623208 -0.03734038 -0.26925161 -0.029233655 0.97054088 -0.23907681 0.27025196 0.23794681 0.93289697 -0.67496401 -0.48607868 -0.2809082
pumpkin/seq-01/frame-000006 PINHOLE 640 480 525 525 320 240 0.96229744 -0.038352989 -0.2691927 -0.028048143 0.97070241 -0.23856255 0.27046061 0.2371255 0.93304557 -0.67542505 -0.48500147 -0.28000596
pumpkin/seq-01/frame-000007 PINHOLE 640 480 525 525 320 240 0.96165252 -0.038023815 -0.27153361 -0.029106187 0.97056597 -0.23899059 0.27263361 0.23773625 0.93225753 -0.67730659 -0.48479596 -0.27914745
pumpkin/seq-01/frame-000008 PINHOLE 640 480 525 525 320 240 0.96194649 -0.03860651 -0.2704078 -0.028681912 0.9701941 -0.24054626 0.27163973 0.23915552 0.93218458 -0.67520005 -0.48747882 -0.2793372
pumpkin/seq-01/frame-000009 PINHOLE 640 480 525 525 320 240 0.96209794 -0.038672991 -0.26985884 -0.028063646 0.97056001 -0.23913892 0.27116746 0.23765534 0.93270552 -0.67433786 -0.48704585 -0.27912363
pumpkin/seq-01/frame-000010 PINHOLE 640 480 525 525 320 240 0.96132863 -0.039108459 -0.27252486 -0.027993055 0.97082716 -0.23806043 0.27388978 0.23649016 0.93220615 -0.6762253 -0.48713139 -0.27777532
pumpkin/seq-01/frame-000011 PINHOLE 640 480 525 525 320 240 0.96103716 -0.038732704 -0.27360409 -0.028199054 0.97119439 -0.23653382 0.27488944 0.23504022 0.93227863 -0.67657954 -0.48719531 -0.27764452
pumpkin/seq-01/frame-000012 PINHOLE 640 480 525 525 320 240 0.96116841 -0.037842855 -0.27326682 -0.028699385 0.97143805 -0.23547029 0.27437779 0.23417628 0.93264657 -0.67653435 -0.48820391 -0.27695629
pumpkin/seq-01/frame-000013 PINHOLE 640 480 525 525 320 240 0.96094477 -0.036576562 -0.27422389 -0.029603364 0.97191727 -0.23337089 0.27506405 0.23238155 0.93289316 -0.67522174 -0.48878002 -0.27611396
pumpkin/seq-01/frame-000014 PINHOLE 640 480 525 525 320 240 0.96007651 -0.036027625 -0.27732053 -0.030071368 0.97259802 -0.2304571 0.27802953 0.22960283 0.93270218 -0.6778475 -0.48911309 -0.275049
pumpkin/seq-01/frame-000015 PINHOLE 640 480 525 525 320 240 0.95993322 -0.034601476 -0.27799705 -0.030987836 0.97311991 -0.22812076 0.27842304 0.22760223 0.93307483 -0.67608237 -0.49145713 -0.27451897
pumpkin/seq-01/frame-000016 PINHOLE 640 480 525 525 320 240 0.95991653 -0.031439368 -0.2784299 -0.032860812 0.97417861 -0.22328942 0.27826571 0.22349557 0.93411386 -0.67477536 -0.49308324 -0.27392682
pumpkin/seq-01/frame-000017 PINHOLE 640 480 525 525 320 240 0.95960265 -0.029347517 -0.27973685 -0.033425599 0.97557771 -0.21700872 0.27927893 0.21759939 0.9352029 -0.67436165 -0.49383312 -0.27336571
pumpkin/seq-01/frame-000018 PINHOLE 640 480 525 525 320 240 0.95849192 -0.027507177 -0.28370363 -0.034584716 0.97673696 -0.21154368 0.28292811 0.21258152 0.93526006 -0.6757977 -0.49466181 -0.27098182
pumpkin/seq-01/frame-000019 PINHOLE 640 480 525 525 320 240 0.9578082 -0.024201913 -0.28630182 -0.036735944 0.97793454 -0.20556328 0.28496483 0.20741448 0.9358018 -0.67618769 -0.49290028 -0.26992524
pumpkin/seq-01/frame-000020 PINHOLE 640 480 525 525 320 240 0.95602852 -0.021552078 -0.29239708 -0.039474443 0.9787339 -0.20120484 0.29052088 0.20390642 0.93486387 -0.68921328 -0.49526066 -0.26548025
pumpkin/seq-01/frame-000021 PINHOLE 640 480 525 525 320 240 0.95550334 -0.019181216 -0.29427293 -0.040315356 0.97999859 -0.19477935 0.2921288 0.19798256 0.93563592 -0.68914187 -0.49590042 -0.26366389
pumpkin/seq-01/frame-000022 PINHOLE 640 480 525 525 320 240 0.95448369 -0.018417522 -0.29761189 -0.040376175 0.98089671 -0.19019181 0.2954351 0.19355784 0.93552351 -0.69125473 -0.49565756 -0.26111427
pumpkin/seq-01/frame-000023 PINHOLE 640 480 525 525 320 240 0.95321274 -0.017937241 -0.30168664 -0.040741384 0.98148006 -0.18707995 0.2994608 0.19062451 0.93484563 -0.69207621 -0.49762681 -0.25909919
pumpkin/seq-01/frame-000024 PINHOLE 640 480 525 525 320 240 0.95222068 -0.018043842 -0.30479634 -0.040009852 0.98225248 -0.18314226 0.30269733 0.18659309 0.93461645 -0.69289184 -0.49983034 -0.25714117
pumpkin/seq-01/frame-000025 PINHOLE 640 480 525 525 320 240 0.95105404 -0.01686961 -0.3084839 -0.040034875 0.98334086 -0.17719947 0.30634001 0.18088263 0.93455207 -0.69345522 -0.50068825 -0.25458339
pumpkin/seq-01/frame-000026 PINHOLE 640 480 525 525 320 240 0.94973379 -0.013703935 -0.31267977 -0.040871266 0.98503697 -0.16731168 0.31029999 0.17168726 0.93498021 -0.69257957 -0.50294131 -0.25019249
pumpkin/seq-01/frame-000027 PINHOLE 640 480 525 525 320 240 0.94852161 -0.012765484 -0.31637689 -0.040754132 0.98593533 -0.16196312 0.31400082 0.16652516 0.9346782 -0.69447607 -0.50517827 -0.24753954
pumpkin/seq-01/frame-000028 PINHOLE 640 480 525 525 320 240 0.94759083 -0.011980133 -0.31918421 -0.039906047 0.9870072 -0.1555163 0.31690645 0.16010906 0.93481851 -0.69488817 -0.50678384 -0.24583195
pumpkin/seq-01/frame-000029 PINHOLE 640 480 525 525 320 240 0.94669259 -0.011354349 -0.32186073 -0.038194198 0.98834848 -0.14720494 0.31978834 0.15165672 0.93524623 -0.69626755 -0.50721961 -0.24371405
pumpkin/seq-01/frame-000030 PINHOLE 640 480 525 525 320 240 0.9454596 -0.012429811 -0.3254256 -0.035109397 0.9895376 -0.13979708 0.32376504 0.14360353 0.93514913 -0.6986056 -0.50595379 -0.24001969
pumpkin/seq-01/frame-000031 PINHOLE 640 480 525 525 320 240 0.94446522 -0.013175707 -0.32827088 -0.03257988 0.99049479 -0.13348828 0.32691598 0.13677549 0.93507653 -0.69787031 -0.50279331 -0.2378404
pumpkin/seq-01/frame-000032 PINHOLE 640 480 525 525 320 240 0.94441485 -0.011047937 -0.32849386 -0.033702344 0.99089265 -0.13021734 0.32694733 0.13405561 0.93545932 -0.69489545 -0.50629073 -0.23497212
pumpkin/seq-01/frame-000033 PINHOLE 640 480 525 525 320 240 0.94372213 -0.0096877208 -0.33052075 -0.033791684 0.99149245 -0.12554295 0.32893163 0.12965186 0.93538415 -0.69562274 -0.50712776 -0.231223
pumpkin/seq-01/frame-000034 PINHOLE 640 480 525 525 320 240 0.94318557 -0.010865645 -0.33201218 -0.031353746 0.99207169 -0.12153527 0.33070707 0.12504539 0.93538517 -0.69480956 -0.50887418 -0.22874586
pumpkin/seq-01/frame-000035 PINHOLE 640 480 525 525 320 240 0.94299197 -0.0096084531 -0.3325997 -0.030834779 0.99273854 -0.11610029 0.33130682 0.11974246 0.93586659 -0.69293791 -0.51539892 -0.22580667
pumpkin/seq-01/frame-000036 PINHOLE 640 480 525 525 320 240 0.94229317 -0.0068314443 -0.33464244 -0.026690161 0.99505454 -0.095465794 0.33364651 0.098893166 0.93746936 -0.68946022 -0.5138011 -0.21867612
pumpkin/seq-01/frame-000037 PINHOLE 640 480 525 525 320 240 0.94250441 -0.0058586476 -0.33406541 -0.024138117 0.9960196 -0.085566759 0.33324385 0.088715315 0.93863016 -0.68629289 -0.5104121 -0.21541223
pumpkin/seq-01/frame-000038 PINHOLE 640 480 525 525 320 240 0.94174868 -0.0040195989 -0.33621672 -0.023888486 0.99658173 -0.078824446 0.33539119 0.082268961 0.93845218 -0.68640846 -0.51017904 -0.20949312
pumpkin/seq-01/frame-000039 PINHOLE 640 480 525 525 320 240 0.94162154 -0.0039546057 -0.33657297 -0.022409962 0.99695534 -0.074407496 0.33584949 0.077610634 0.93868482 -0.6841538 -0.51078635 -0.20553274
pumpkin/seq-01/frame-000040 PINHOLE 640 480 525 525 320 240 0.94098562 -0.0040736934 -0.33834505 -0.02064096 0.99735373 -0.069411539 0.33773953 0.072303273 0.93843037 -0.68178505 -0.51204801 -0.20071334
pumpkin/seq-01/frame-000041 PINHOLE 640 480 525 525 320 240 0.94086331 -0.00406342 -0.33868521 -0.017906701 0.99791229 -0.061715089 0.33823597 0.064134277 0.93884528 -0.67789739 -0.51083726 -0.19659981
pumpkin/seq-01/frame-000042 PINHOLE 640 480 525 525 320 240 0.93921703 -0.0036723861 -0.34322786 -0.014763116 0.99856442 -0.051080309 0.34292981 0.053046476 0.93783391 -0.67192954 -0.51668108 -0.18620755
pumpkin/seq-01/frame-000043 PINHOLE 640 480 525 525 320 240 0.93877274 -0.0040101646 -0.34443706 -0.012161568 0.99890196 -0.044774543 0.34424558 0.046225745 0.93771273 -0.66793716 -0.51927543 -0.18161128
pumpkin/seq-01/frame-000044 PINHOLE 640 480 525 525 320 240 0.93835413 -0.0024825179 -0.3455902 -0.010592939 0.9992767 -0.035938375 0.34543669 0.037387282 0.93766874 -0.66410369 -0.52067167 -0.17517863
pumpkin/seq-01/frame-000045 PINHOLE 640 480 525 525 320 240 0.93781942 -0.0003218225 -0.34704685 -0.0097489292 0.99955946 -0.027269274 0.34691009 0.028960364 0.93742287 -0.66091114 -0.52110285 -0.16929759
pumpkin/seq-01/frame-000046 PINHOLE 640 480 525 525 320 240 0.93779886 0.0057178964 -0.34705546 -0.01212658 0.99977267 -0.016294215 0.34689066 0.019492473 0.93767476 -0.65030599 -0.52334213 -0.15758428
pumpkin/seq-01/frame-000047 PINHOLE 640 480 525 525 320 240 0.9382816 0.0058754608 -0.34574515 -0.010556368 0.99985516 -0.01165464 0.34563386 0.014588227 0.93822759 -0.6456055 -0.52770805 -0.15044868
pumpkin/seq-01/frame-000048 PINHOLE 640 480 525 525 320 240 0.93798304 0.0067384136 -0.3465386 -0.0097681405 0.99990666 -0.006994498 0.34646642 0.0099487379 0.93798131 -0.64012557 -0.5327248 -0.1441808
pumpkin/seq-01/frame-000049 PINHOLE 640 480 525 525 320 240 0.93729657 0.0077402461 -0.34836945 -0.0083076684 0.99994409 -0.00013271891 0.34835631 0.0030213664 0.93732864 -0.63596159 -0.53616041 -0.13804026
pumpkin/seq-01/frame-000050 PINHOLE 640 480 525 525 320 240 0.93743593 0.0047003725 -0.34804815 0.00067255163 0.99986094 0.015316541 0.34807912 -0.014589904 0.93732285 -0.62930322 -0.5366345 -0.12417711
pumpkin/seq-01/frame-000051 PINHOLE 640 480 525 525 320 240 0.93686497 0.0016618684 -0.34960946 0.0044898363 0.99982744 0.016786313 0.34958446 -0.017293802 0.93671644 -0.62549919 -0.54210407 -0.11714322
pumpkin/seq-01/frame-000052 PINHOLE 640 480 525 525 320 240 0.93650746 -0.0032795907 -0.35055408 0.010155437 0.99976861 0.017779034 0.35042211 -0.020207902 0.93634492 -0.62044394 -0.53924948 -0.10970035
pumpkin/seq-01/frame-000053 PINHOLE 640 480 525 525 320 240 0.93674868 -0.00062118878 -0.34992322 0.008520931 0.99972039 0.021037931 0.34981987 -0.022686664 0.93651319 -0.61341894 -0.54912621 -0.10654935
pumpkin/seq-01/frame-000054 PINHOLE 640 480 525 525 320 240 0.93623865 -0.00024835501 -0.35128543 0.012394739 0.99937814 0.03232966 0.35106662 -0.034620378 0.93568093 -0.60328943 -0.5542506 -0.094008662
pumpkin/seq-01/frame-000055 PINHOLE 640 480 525 525 320 240 0.93565983 -0.0029113807 -0.35281202 0.016074644 0.99925691 0.034386266 0.35245752 -0.037843261 0.93503278 -0.59973884 -0.56022781 -0.087176353
pumpkin/seq-01/frame-000056 PINHOLE 640 480 525 525 320 240 0.93493968 -0.0043845535 -0.35470065 0.019682728 0.99900204 0.03953388 0.35418108 -0.043941505 0.93411416 -0.59495026 -0.56192803 -0.082726575
pumpkin/seq-01/frame-000057 PINHOLE 640 480 525 525 320 240 0.93400705 -0.0029150143 -0.35716388 0.020444235 0.99874121 0.045313731 0.35659 -0.049623653 0.93291235 -0.58797127 -0.56624359 -0.077955857
pumpkin/seq-01/frame-000058 PINHOLE 640 480 525 525 320 240 0.93170011 -0.0048452243 -0.36311811 0.026749142 0.9980877 0.055317916 0.36216372 -0.061251439 0.93006986 -0.58270073 -0.56717616 -0.066026539
pumpkin/seq-01/frame-000059 PINHOLE 640 480 525 525 320 240 0.93060535 -0.0083732698 -0.36585027 0.03205746 0.99773735 0.058710482 0.364539 -0.066363275 0.92879009 -0.57786864 -0.56854159 -0.061038833
pumpkin/seq-01/frame-000060 PINHOLE 640 480 525 525 320 240 0.92959255 -0.0098846722 -0.36837775 0.03621411 0.99722892 0.064628825 0.36672637 -0.07341788 0.92739689 -0.57497621 -0.56967825 -0.055719234
pumpkin/seq-01/frame-000061 PINHOLE 640 480 525 525 320 240 0.92859173 -0.016752791 -0.37064582 0.049934011 0.99551129 0.080107361 0.36764839 -0.092894286 0.9252829 -0.56600523 -0.57400191 -0.046972722
pumpkin/seq-01/frame-000062 PINHOLE 640 480 525 525 320 240 0.92628056 -0.025367981 -0.37590128 0.06155834 0.99448979 0.084577635 0.37169287 -0.10148212 0.92276126 -0.56604135 -0.57069743 -0.040588558
pumpkin/seq-01/frame-000063 PINHOLE 640 480 525 525 320 240 0.92479342 -0.030023495 -0.37920493 0.068149224 0.99380517 0.087517798 0.37423691 -0.1067782 0.92113376 -0.56372792 -0.57096964 -0.03662008
pumpkin/seq-01/frame-000064 PINHOLE 640 480 525 525 320 240 0.92458308 -0.03605447 -0.37919173 0.076734275 0.99270731 0.092714056 0.37309253 -0.11481886 0.9206304 -0.55330646 -0.57772553 -0.029723568
pumpkin/seq-01/frame-000065 PINHOLE 640 480 525 525 320 240 0.92311287 -0.038964842 -0.3824712 0.080870531 0.9922483 0.094100036 0.37584883 -0.1177957 0.91913176 -0.55053526 -0.58036464 -0.026558645
pumpkin/seq-01/frame-000066 PINHOLE 640 480 525 525 320 240 0.92223853 -0.037931476 -0.3846775 0.081763208 0.99177468 0.098228857 0.3777965 -0.12204313 0.9177779 -0.54583186 -0.58345258 -0.023949064
pumpkin/seq-01/frame-000067 PINHOLE 640 480 525 525 320 240 0.92166507 -0.035095353 -0.38631737 0.086453594 0.98941058 0.11637651 0.37815139 -0.14065941 0.91496301 -0.53894627 -0.58483601 -0.016904684
pumpkin/seq-01/frame-000068 PINHOLE 640 480 525 525 320 240 0.92073238 -0.036855176 -0.38837183 0.090921126 0.98836166 0.12176096 0.37937337 -0.14742137 0.91339117 -0.53739375 -0.58487946 -0.012821678
pumpkin/seq-01/frame-000069 PINHOLE 640 480 525 525 320 240 0.91877604 -0.038967311 -0.39277321 0.096174151 0.98720008 0.12703182 0.38280493 -0.15448958 0.91078728 -0.53223932 -0.58872467 -0.0078084292
pumpkin/seq-01/frame-000070 PINHOLE 640 480 525 525 320 240 0.91853297 -0.039786555 -0.39325947 0.098766193 0.98643976 0.13088979 0.38272846 -0.15906866 0.91003072 -0.53050399 -0.59056449 -0.0053777401
pumpkin/seq-01/frame-000071 PINHOLE 640 480 525 525 320 240 0.91606456 -0.043753006 -0.39855963 0.10599427 0.98506802 0.1354844 0.38669011 -0.16635901 0.90704751 -0.52774274 -0.59486008 0.001747584
pumpkin/seq-01/frame-000072 PINHOLE 640 480 525 525 320 240 0.91534287 -0.044030398 -0.40018347 0.1080334 0.98438448 0.13880007 0.38783255 -0.17028446 0.90583044 -0.52483934 -0.59682119 0.0043749823
pumpkin/seq-01/frame-000073 PINHOLE 640 480 525 525 320 240 0.91306871 -0.045638297 -0.40516734 0.11318014 0.9830094 0.14433318 0.39170593 -0.17764488 0.90274495 -0.52169073 -0.59755188 0.012019119
pumpkin/seq-01/frame-000074 PINHOLE 640 480 525 525 320 240 0.91140217 -0.045636591 -0.40890229 0.11436945 0.98273826 0.14523888 0.39522555 -0.17913884 0.90091366 -0.52250028 -0.59819019 0.015923094
pumpkin/seq-01/frame-000075 PINHOLE 640 480 525 525 320 240 0.90894818 -0.046864636 -0.41419098 0.11808452 0.98187995 0.14804289 0.39975792 -0.18347493 0.8980366 -0.51766485 -0.60348284 0.024634017
pumpkin/seq-01/frame-000076 PINHOLE 640 480 525 525 320 240 0.90657181 -0.048364278 -0.41919631 0.12237402 0.98082799 0.1514913 0.40384296 -0.18863867 0.89513433 -0.51779658 -0.60279769 0.030301997
pumpkin/seq-01/frame-000077 PINHOLE 640 480 525 525 320 240 0.90330422 -0.046728116 -0.42637381 0.12345662 0.98028237 0.15412056 0.41077536 -0.19185871 0.89128721 -0.51633614 -0.60621834 0.041036926
pumpkin/seq-01/frame-000078 PINHOLE 640 480 525 525 320 240 0.90030807 -0.047498342 -0.43258044 0.12789917 0.97898155 0.15869762 0.41596094 -0.19820589 0.88748515 -0.51480407 -0.60915864 0.052974097
pumpkin/seq-01/frame-000079 PINHOLE 640 480 525 525 320 240 0.89600438 -0.047449611 -0.44143075 0.13074169 0.97835886 0.16021353 0.42428648 -0.20126796 0.88284254 -0.52952117 -0.60893607 0.066543162
pumpkin/seq-01/frame-000080 PINHOLE 640 480 525 525 320 240 0.89293271 -0.045898672 -0.44777355 0.13377717 0.97687364 0.16664134 0.42978066 -0.20870407 0.87844747 -0.52819639 -0.61507082 0.080696218
pumpkin/seq-01/frame-000081 PINHOLE 640 480 525 525 320 240 0.88964492 -0.044432499 -0.4544163 0.13505787 0.97629988 0.16895261 0.43615115 -0.21168312 0.87458622 -0.53096873 -0.61623901 0.096008405
pumpkin/seq-01/frame-000082 PINHOLE 640 480 525 525 320 240 0.88809866 -0.043938819 -0.45747837 0.13609016 0.97589403 0.17046176 0.43897218 -0.21364805 0.87269491 -0.52940494 -0.62245536 0.10307918
pumpkin/seq-01/frame-000083 PINHOLE 640 480 525 525 320 240 0.88553417 -0.039001577 -0.46286535 0.13365711 0.97569561 0.17349534 0.44486085 -0.21550427 0.86924964 -0.53365618 -0.62593168 0.11942211
pumpkin/seq-01/frame-000084 PINHOLE 640 480 525 525 320 240 0.88402486 -0.039071936 -0.46573526 0.13675988 0.97448313 0.17783691 0.44691458 -0.22090931 0.86683583 -0.53309149 -0.63560009 0.13413036
pumpkin/seq-01/frame-000085 PINHOLE 640 480 525 525 320 240 0.88237441 -0.037363205 -0.46899357 0.13774782 0.97365034 0.18159564 0.44986269 -0.22484152 0.86429596 -0.5329355 -0.63820773 0.14160584
pumpkin/seq-01/frame-000086 PINHOLE 640 480 525 525 320 240 0.8805815 -0.036007978 -0.47245646 0.13876335 0.97296351 0.18447977 0.45305225 -0.22801258 0.86179543 -0.53373718 -0.64384258 0.15699065
pumpkin/seq-01/frame-000087 PINHOLE 640 480 525 525 320 240 0.87752479 -0.031751398 -0.47841108 0.13775599 0.97240496 0.18814319 0.4592478 -0.2310079 0.85770851 -0.53625494 -0.64823687 0.17284097
pumpkin/seq-01/frame-000088 PINHOLE 640 480 525 525 320 240 0.87716269 -0.031793669 -0.47907171 0.13818708 0.97227633 0.18849167 0.45980951 -0.23154303 0.85726315 -0.53711849 -0.65212953 0.17996612
pumpkin/seq-01/frame-000089 PINHOLE 640 480 525 525 320 240 0.87377465 -0.033071756 -0.48513782 0.14324987 0.97089124 0.1918212 0.46468467 -0.23710831 0.85310286 -0.53882563 -0.65679723 0.19622499
pumpkin/seq-01/frame-000090 PINHOLE 640 480 525 525 320 240 0.87349987 -0.030147078 -0.48582277 0.14025062 0.97131431 0.19189569 0.46611401 -0.23576164 0.85269618 -0.5380578 -0.66023552 0.20309031
pumpkin/seq-01/frame-000091 PINHOLE 640 480 525 525 320 240 0.87237418 -0.029610524 -0.48787403 0.14059359 0.97115362 0.19245656 0.4681145 -0.23648995 0.85139751 -0.53835207 -0.66609859 0.21948993
pumpkin/seq-01/frame-000092 PINHOLE 640 480 525 525 320 240 0.8711943 -0.028211143 -0.49006045 0.13981029 0.97123116 0.1926356 0.47054026 -0.23634242 0.8501004 -0.53832906 -0.66700423 0.22764084
pumpkin/seq-01/frame-000093 PINHOLE 640 480 525 525 320 240 0.87080127 -0.02457723 -0.49095365 0.13402285 0.97275597 0.18902048 0.47294533 -0.23040199 0.85039645 -0.53920257 -0.67587256 0.2422504
pumpkin/seq-01/frame-000094 PINHOLE 640 480 525 525 320 240 0.86897242 -0.021538077 -0.49432492 0.13439889 0.97173876 0.19392154 0.47619084 -0.23495311 0.84733427 -0.54130846 -0.68175447 0.25986674
pumpkin/seq-01/frame-000095 PINHOLE 640 480 525 525 320 240 0.86959594 -0.020452717 -0.49327359 0.13391522 0.97142822 0.19580303 0.47518802 -0.23633032 0.84751427 -0.54260153 -0.68353397 0.26742384
pumpkin/seq-01/frame-000096 PINHOLE 640 480 525 525 320 240 0.86906004 -0.026635103 -0.49392208 0.14048989 0.97069108 0.19484937 0.47426873 -0.23873098 0.84735608 -0.54325497 -0.68859404 0.28358632
pumpkin/seq-01/frame-000097 PINHOLE 640 480 525 525 320 240 0.86745429 -0.025105599 -0.49681619 0.14057955 0.97036111 0.19642185 0.4771727 -0.24023344 0.84529841 -0.54560751 -0.69335097 0.29892614
pumpkin/seq-01/frame-000098 PINHOLE 640 480 525 525 320 240 0.86706251 -0.02349655 -0.49757811 0.13988724 0.97015011 0.19795181 0.47808731 -0.24124572 0.84449279 -0.54587531 -0.69520599 0.30645654
pumpkin/seq-01/frame-000099 PINHOLE 640 480 525 525 320 240 0.86469787 -0.019060861 -0.50186372 0.13554592 0.97102773 0.19666362 0.48358834 -0.2380845 0.84225458 -0.55058694 -0.69864267 0.32285428
pumpkin/seq-01/frame-000100 PINHOLE 640 480 525 525 320 240 0.8643918 -0.013862519 -0.50256085 0.13030855 0.97160953 0.19732811 0.48557088 -0.23606102 0.84168321 -0.5526945 -0.70315307 0.33078033
pumpkin/seq-01/frame-000101 PINHOLE 640 480 525 525 320 240 0.86338782 -0.012965451 -0.50430715 0.1311278 0.97104925 0.19953068 0.48713365 -0.23840544 0.84011781 -0.55236781 -0.70844221 0.34455031
pumpkin/seq-01/frame-000102 PINHOLE 640 480 525 525 320 240 0.86249208 -0.0096427072 -0.50591171 0.12843351 0.97122067 0.20044677 0.48943272 -0.23786415 0.83893412 -0.55202627 -0.71203566 0.3501963
pumpkin/seq-01/frame-000103 PINHOLE 640 480 525 525 320 240 0.86229539 -0.0064517828 -0.50629747 0.12502369 0.97164357 0.20055251 0.49066049 -0.23623905 0.8386761 -0.5517028 -0.7163831 0.36095577
pumpkin/seq-01/frame-000104 PINHOLE 640 480 525 525 320 240 0.86227357 -0.0078185946 -0.50631523 0.12493349 0.97222847 0.1977544 0.49072179 -0.23377842 0.83932936 -0.55029261 -0.71753722 0.36522201
pumpkin/seq-01/frame-000105 PINHOLE 640 480 525 525 320 240 0.86178792 -0.013653199 -0.50701749 0.1300074 0.97215968 0.19479892 0.49025622 -0.23379575 0.83959639 -0.5487743 -0.72491282 0.37353992
pumpkin/seq-01/frame-000106 PINHOLE 640 480 525 525 320 240 0.8648625 -0.016233137 -0.5016771 0.13332938 0.97097325 0.19843528 0.48390773 -0.23851217 0.84194928 -0.54452884 -0.72729218 0.38094413
pumpkin/seq-01/frame-000107 PINHOLE 640 480 525 525 320 240 0.86488014 -0.021262698 -0.50145864 0.13894756 0.97016954 0.19851156 0.4822931 -0.24136992 0.84206128 -0.54293013 -0.72713464 0.38546708
pumpkin/seq-01/frame-000108 PINHOLE 640 480 525 525 320 240 0.86549461 -0.026548898 -0.50014472 0.14076455 0.97120976 0.19203877 0.48066121 -0.23661578 0.84434044 -0.53723586 -0.7302112 0.39171249
pumpkin/seq-01/frame-000109 PINHOLE 640 480 525 525 320 240 0.86713362 -0.027430175 -0.49724969 0.13966203 0.97178036 0.18994541 0.47802144 -0.23415954 0.84652102 -0.5344432 -0.73488283 0.39476991
pumpkin/seq-01/frame-000110 PINHOLE 640 480 525 525 320 240 0.86918163 -0.029989343 -0.49351186 0.14036635 0.9720282 0.18814982 0.47407898 -0.23281343 0.84910536 -0.52878398 -0.73635572 0.39756313
pumpkin/seq-01/frame-000111 PINHOLE 640 480 525 525 320 240 0.87227416 -0.031035863 -0.4879593 0.13894576 0.97254556 0.18652336 0.46878764 -0.23050396 0.85266566 -0.51721841 -0.73861039 0.40463969
pumpkin/seq-01/frame-000112 PINHOLE 640 480 525 525 320 240 0.87396312 -0.030219544 -0.48497936 0.13838091 0.9721877 0.18879466 0.46579951 -0.23211606 0.85386509 -0.51127595 -0.73873574 0.40819296
pumpkin/seq-01/frame-000113 PINHOLE 640 480 525 525 320 240 0.87748355 -0.027795695 -0.47872713 0.13670832 0.97136271 0.19418235 0.45963392 -0.23584254 0.85618198 -0.49955162 -0.74144942 0.41476673
pumpkin/seq-01/frame-000114 PINHOLE 640 480 525 525 320 240 0.8792851 -0.029084889 -0.47533286 0.13885157 0.97039419 0.19747654 0.45553005 -0.23964378 0.85731894 -0.4932752 -0.74114794 0.41881335
pumpkin/seq-01/frame-000115 PINHOLE 640 480 525 525 320 240 0.88249451 -0.032084476 -0.46915171 0.14594106 0.96706653 0.20838708 0.44702804 -0.25237423 0.85814071 -0.47601411 -0.7363975 0.4277764
pumpkin/seq-01/frame-000116 PINHOLE 640 480 525 525 320 240 0.88384581 -0.03341148 -0.46650741 0.14872469 0.96572208 0.21261033 0.44342589 -0.25730139 0.85854614 -0.4697158 -0.73925608 0.43099156
pumpkin/seq-01/frame-000117 PINHOLE 640 480 525 525 320 240 0.88510692 -0.035703655 -0.46393934 0.15207089 0.96447027 0.21590054 0.43976 -0.26165232 0.85911644 -0.46020737 -0.74073434 0.43447423
pumpkin/seq-01/frame-000118 PINHOLE 640 480 525 525 320 240 0.88856912 -0.032792166 -0.45749074 0.1519682 0.96212256 0.2262014 0.43275702 -0.27052549 0.85992366 -0.44160858 -0.73802453 0.44347149
pumpkin/seq-01/frame-000119 PINHOLE 640 480 525 525 320 240 0.89013547 -0.03630266 -0.45416817 0.15536158 0.96123469 0.22766542 0.42830974 -0.27321932 0.86129731 -0.43134207 -0.74763995 0.44337797
pumpkin/seq-01/frame-000120 PINHOLE 640 480 525 525 320 240 0.88933021 -0.041299418 -0.4553172 0.16074502 0.9605431 0.22684512 0.42799562 -0.27493611 0.86090696 -0.42278078 -0.75097704 0.4469752
pumpkin/seq-01/frame-000121 PINHOLE 640 480 525 525 320 240 0.89130956 -0.04066081 -0.45148784 0.15964642 0.96028942 0.22868656 0.42427272 -0.27591488 0.8624351 -0.40080443 -0.75123334 0.45228097
pumpkin/seq-01/frame-000122 PINHOLE 640 480 525 525 320 240 0.89275283 -0.043410759 -0.44836956 0.16113725 0.96023327 0.22787504 0.42065933 -0.275691 0.86427474 -0.39180103 -0.75675267 0.45413351
pumpkin/seq-01/frame-000123 PINHOLE 640 480 525 525 320 240 0.89326698 -0.04777569 -0.44689912 0.16518746 0.95961142 0.22759362 0.41798815 -0.27712995 0.86510998 -0.38119537 -0.76348197 0.45529836
pumpkin/seq-01/frame-000124 PINHOLE 640 480 525 525 320 240 0.89410013 -0.050737314 -0.44490176 0.16708426 0.95957643 0.22635274 0.41544476 -0.2767241 0.86646384 -0.36181504 -0.76870382 0.45929748
pumpkin/seq-01/frame-000125 PINHOLE 640 480 525 525 320 240 0.89446312 -0.052186109 -0.44400379 0.16864859 0.95914543 0.227018 0.41402909 -0.27794588 0.86675036 -0.35250717 -0.77071005 0.46137702
pumpkin/seq-01/frame-000126 PINHOLE 640 480 525 525 320 240 0.89459091 -0.053042363 -0.4436442 0.16973594 0.95880777 0.22763237 0.41330755 -0.27894628 0.86677307 -0.34302792 -0.77123147 0.46326497
pumpkin/seq-01/frame-000127 PINHOLE 640 480 525 525 320 240 0.89572448 -0.049813021 -0.44172698 0.16498692 0.95994961 0.22630686 0.41277486 -0.27559367 0.86809826 -0.32459331 -0.77234703 0.46587947
pumpkin/seq-01/frame-000128 PINHOLE 640 480 525 525 320 240 0.896837 -0.049415722 -0.43950847 0.16350947 0.96035099 0.22567463 0.41094285 -0.27426302 0.86938781 -0.31553507 -0.77433127 0.46743706
pumpkin/seq-01/frame-000129 PINHOLE 640 480 525 525 320 240 0.89611346 -0.049857344 -0.44093168 0.16492249 0.9598816 0.22664081 0.41195488 -0.27582142 0.868415 -0.31454641 -0.77241647 0.47231323
pumpkin/seq-01/frame-000130 PINHOLE 640 480 525 525 320 240 0.89570028 -0.052451901 -0.4414697 0.1678898 0.95936477 0.22665079 0.41165459 -0.27713552 0.86813897 -0.30659464 -0.76640558 0.47609013
pumpkin/seq-01/frame-000131 PINHOLE 640 480 525 525 320 240 0.89611095 -0.057710998 -0.4399772 0.17241821 0.95885623 0.2253987 0.40887934 -0.27784851 0.86922175 -0.29218397 -0.77358299 0.47616747
pumpkin/seq-01/frame-000132 PINHOLE 640 480 525 525 320 240 0.89739621 -0.058837812 -0.43719941 0.17183962 0.95937914 0.22360843 0.40629572 -0.27579972 0.87108362 -0.2860541 -0.77733666 0.47544566
pumpkin/seq-01/frame-000133 PINHOLE 640 480 525 525 320 240 0.89727777 -0.061332867 -0.4370997 0.17244591 0.96027458 0.21925552 0.40630046 -0.27211517 0.87223941 -0.28098223 -0.77768928 0.47761953
pumpkin/seq-01/frame-000134 PINHOLE 640 480 525 525 320 240 0.89738429 -0.060635775 -0.43697807 0.17073831 0.96102852 0.21727911 0.40678576 -0.26959771 0.87279463 -0.27482253 -0.78010714 0.47912997
pumpkin/seq-01/frame-000135 PINHOLE 640 480 525 525 320 240 0.89774275 -0.058561705 -0.4365243 0.17092469 0.95973778 0.22276783 0.40591544 -0.27460709 0.87163711 -0.26249015 -0.78098726 0.48224518
pumpkin/seq-01/frame-000136 PINHOLE 640 480 525 525 320 240 0.89772326 -0.059813134 -0.43639433 0.17219226 0.95952415 0.22271121 0.40542224 -0.27508286 0.87171656 -0.25655624 -0.78098142 0.4845469
pumpkin/seq-01/frame-000137 PINHOLE 640 480 525 525 320 240 0.89753634 -0.058551796 -0.43694919 0.16952997 0.96073896 0.21949323 0.40695488 -0.27108511 0.87225443 -0.25306857 -0.78279316 0.48641551
pumpkin/seq-01/frame-000138 PINHOLE 640 480 525 525 320 240 0.89947706 -0.056450628 -0.43321884 0.16467834 0.96225363 0.21653175 0.40465543 -0.26611292 0.87485129 -0.24092919 -0.78673619 0.49175397
pumpkin/seq-01/frame-000139 PINHOLE 640 480 525 525 320 240 0.90016097 -0.055309772 -0.43194318 0.16165131 0.96344048 0.21351333 0.40435457 -0.26202628 0.87622267 -0.2367893 -0.78701007 0.49447474
pumpkin/seq-01/frame-000140 PINHOLE 640 480 525 525 320 240 0.90088362 -0.054941244 -0.43048069 0.1589544 0.96476442 0.20952201 0.40381339 -0.2571874 0.87790418 -0.23123381 -0.78912884 0.49768442
pumpkin/seq-01/frame-000141 PINHOLE 640 480 525 525 320 240 0.90061027 -0.054392133 -0.43112168 0.15607852 0.9663893 0.20412579 0.40554103 -0.25113201 0.87886024 -0.22274901 -0.79073089 0.50561982
pumpkin/seq-01/frame-000142 PINHOLE 640 480 525 525 320 240 0.90027928 -0.052781142 -0.43201208 0.15371829 0.96717751 0.20217438 0.40717396 -0.24842688 0.87887388 -0.21722946 -0.79165471 0.50987458
pumpkin/seq-01/frame-000143 PINHOLE 640 480 525 525 320 240 0.90008211 -0.052181143 -0.43249485 0.1528738 0.96746665 0.201428 0.40792629 -0.24742424 0.87880754 -0.2098294 -0.79015779 0.51516086
pumpkin/seq-01/frame-000144 PINHOLE 640 480 525 525 320 240 0.89805102 -0.052922972 -0.43660718 0.15400043 0.96769434 0.19946553 0.41195893 -0.24637331 0.87722015 -0.19939084 -0.79648978 0.52214855
pumpkin/seq-01/frame-000145 PINHOLE 640 480 525 525 320 240 0.89670569 -0.050864935 -0.43960643 0.15315484 0.96762562 0.20044686 0.41519183 -0.24707519 0.87549692 -0.19452389 -0.80304611 0.52550328
pumpkin/seq-01/frame-000146 PINHOLE 640 480 525 525 320 240 0.89624977 -0.051105518 -0.44050735 0.15423955 0.96721262 0.20160472 0.41577435 -0.24863739 0.87477785 -0.18797235 -0.80623925 0.52989662
pumpkin/seq-01/frame-000147 PINHOLE 640 480 525 525 320 240 0.89461875 -0.05604982 -0.44321257 0.15785623 0.96772981 0.19625162 0.41792339 -0.24553972 0.87462854 -0.17477609 -0.80877864 0.54286319
pumpkin/seq-01/frame-000148 PINHOLE 640 480 525 525 320 240 0.89438885 -0.056389369 -0.44363305 0.15755762 0.96811336 0.19459249 0.41852736 -0.24394457 0.87478602 -0.16818245 -0.81130403 0.54924327
pumpkin/seq-01/frame-000149 PINHOLE 640 480 525 525 320 240 0.89428872 -0.057127487 -0.4437404 0.15771765 0.96836829 0.19318919 0.41868094 -0.24275801 0.8750425 -0.16133016 -0.81285572 0.55664337
pumpkin/seq-01/frame-000150 PINHOLE 640 480 525 525 320 240 0.89333242 -0.06134836 -0.44510061 0.1608084 0.96863908 0.18924288 0.41954541 -0.24063809 0.87521392 -0.14657056 -0.81782568 0.57137901
pumpkin/seq-01/frame-000151 PINHOLE 640 480 525 525 320 240 0.89312404 -0.063373163 -0.44523489 0.16217032 0.96876657 0.1874193 0.41946459 -0.23959792 0.87553781 -0.13925578 -0.82150531 0.57848531
pumpkin/seq-01/frame-000152 PINHOLE 640 480 525 525 320 240 0.8936221 -0.063207708 -0.44425759 0.16122466 0.96911669 0.18642214 0.41876748 -0.23822159 0.87624675 -0.13254224 -0.8217963 0.58673197
pumpkin/seq-01/frame-000153 PINHOLE 640 480 525 525 320 240 0.89455074 -0.063729696 -0.44230917 0.16062781 0.96945328 0.1851826 0.41700977 -0.23670779 0.87749416 -0.11890003 -0.82971174 0.60267627
pumpkin/seq-01/frame-000154 PINHOLE 640 480 525 525 320 240 0.89623487 -0.062411282 -0.43907556 0.1584696 0.96972293 0.18562989 0.41420949 -0.23595354 0.87902212 -0.10872332 -0.83193403 0.61026573
pumpkin/seq-01/frame-000155 PINHOLE 640 480 525 525 320 240 0.89669424 -0.063600123 -0.43796563 0.15932342 0.96962774 0.18539618 0.41288555 -0.2360273 0.87962484 -0.10366208 -0.8378346 0.61808538
pumpkin/seq-01/frame-000156 PINHOLE 640 480 525 525 320 240 0.89775586 -0.064199388 -0.43569681 0.15919922 0.96969491 0.18515044 0.41061953 -0.23558798 0.88080245 -0.096029781 -0.840442 0.62624258
pumpkin/seq-01/frame-000157 PINHOLE 640 480 525 525 320 240 0.89968884 -0.066112354 -0.43140233 0.16080578 0.96910405 0.18684785 0.40573373 -0.2374825 0.88255608 -0.08380755 -0.84796619 0.64104331
pumpkin/seq-01/frame-000158 PINHOLE 640 480 525 525 320 240 0.89976674 -0.067489676 -0.43102628 0.16251262 0.96867919 0.18757279 0.40487993 -0.23882465 0.882586 -0.077622935 -0.85509384 0.64745593
pumpkin/seq-01/frame-000159 PINHOLE 640 480 525 525 320 240 0.90045589 -0.063250035 -0.43022931 0.15950117 0.96841878 0.19146173 0.40454522 -0.24103072 0.88213962 -0.070831604 -0.85710955 0.65414655
pumpkin/seq-01/frame-000160 PINHOLE 640 480 525 525 320 240 0.90199703 -0.060600664 -0.42737246 0.1571079 0.9682458 0.19429366 0.40204027 -0.24240184 0.88290882 -0.064675614 -0.86020011 0.65998983
pumpkin/seq-01/frame-000161 PINHOLE 640 480 525 525 320 240 0.90360886 -0.060960446 -0.42390198 0.1566328 0.96825194 0.19464634 0.39859101 -0.24228707 0.88450277 -0.057883158 -0.86154097 0.66682774
pumpkin/seq-01/frame-000162 PINHOLE 640 480 525 525 320 240 0.90553868 -0.061316568 -0.41971171 0.15688281 0.96771365 0.1971063 0.39408752 -0.24433899 0.88595498 -0.046582844 -0.8686586 0.67744577
pumpkin/seq-01/frame-000163 PINHOLE 640 480 525 525 320 240 0.90661073 -0.060473159 -0.41751364 0.1554302 0.96790433 0.19731987 0.39219329 -0.24379262 0.88694543 -0.040616538 -0.87285876 0.68178314
pumpkin/seq-01/frame-000164 PINHOLE 640 480 525 525 320 240 0.90701139 -0.059697963 -0.41675428 0.15367925 0.96850604 0.19573224 0.39195678 -0.24158385 0.88765401 -0.035253316 -0.87629604 0.68620926
pumpkin/seq-01/frame-000165 PINHOLE 640 480 525 525 320 240 0.90629017 -0.058527589 -0.41848552 0.15117732 0.96968907 0.19178241 0.39458907 -0.23708187 0.88770145 -0.03143087 -0.87924093 0.69026285
pumpkin/seq-01/frame-000166 PINHOLE 640 480 525 525 320 240 0.90651959 -0.054098234 -0.41858447 0.14575319 0.97083312 0.19018616 0.39609978 -0.2334232 0.88799804 -0.02499211 -0.88131547 0.69278663
pumpkin/seq-01/frame-000167 PINHOLE 640 480 525 525 320 240 0.90615547 -0.051466003 -0.41970313 0.14272051 0.97151285 0.18901043 0.39803234 -0.2311787 0.88772082 -0.013260672 -0.88316309 0.69892645
pumpkin/seq-01/frame-000168 PINHOLE 640 480 525 525 320 240 0.90665841 -0.052053623 -0.41854271 0.14343232 0.97123063 0.18991904 0.39662844 -0.23222995 0.88807464 -0.0081578828 -0.88697374 0.70023108
pumpkin/seq-01/frame-000169 PINHOLE 640 480 525 525 320 240 0.90671945 -0.053099979 -0.41827866 0.14379725 0.97147417 0.18839039 0.3963564 -0.23097029 0.88852435 -0.0022482467 -0.88496798 0.70290506
pumpkin/seq-01/frame-000170 PINHOLE 640 480 525 525 320 240 0.90648216 -0.052499 -0.41886815 0.14182365 0.97240561 0.18504971 0.39760804 -0.22715527 0.88894826 0.0017633799 -0.89194638 0.70346755
pumpkin/seq-01/frame-000171 PINHOLE 640 480 525 525 320 240 0.90756989 -0.051958624 -0.41657394 0.14010601 0.97287256 0.18390021 0.39573127 -0.22527233 0.89026392 0.015513021 -0.89455545 0.70564765
pumpkin/seq-01/frame-000172 PINHOLE 640 480 525 525 320 240 0.90785599 -0.052172385 -0.41592318 0.13965039 0.97315395 0.18275446 0.39523569 -0.22400406 0.89080381 0.022388937 -0.89608634 0.70566326
pumpkin/seq-01/frame-000173 PINHOLE 640 480 525 525 320 240 0.9081437 -0.050679125 -0.41547936 0.13714491 0.97384077 0.18098387 0.39545178 -0.22134566 0.8913722 0.028730586 -0.89568198 0.707398
pumpkin/seq-01/frame-000174 PINHOLE 640 480 525 525 320 240 0.90954405 -0.050576381 -0.41241732 0.13736509 0.97332269 0.18358503 0.39214304 -0.22363593 0.8922618 0.038564742 -0.89662069 0.70777208
pumpkin/seq-01/frame-000175 PINHOLE 640 480 525 525 320 240 0.91037256 -0.052377142 -0.41035935 0.14044397 0.97213745 0.18749356 0.38911822 -0.22832717 0.89239782 0.045955893 -0.89770627 0.70783454
pumpkin/seq-01/frame-000176 PINHOLE 640 480 525 525 320 240 0.9137668 -0.057515863 -0.40204257 0.14660722 0.96985465 0.19446702 0.37875044 -0.23664586 0.89468813 0.067383699 -0.89389777 0.70862132
pumpkin/seq-01/frame-000177 PINHOLE 640 480 525 525 320 240 0.91605884 -0.062546708 -0.39603052 0.15211485 0.96809238 0.19896549 0.3709617 -0.24251243 0.89637876 0.077721089 -0.89376855 0.70858979
pumpkin/seq-01/frame-000178 PINHOLE 640 480 525 525 320 240 0.91806751 -0.06949535 -0.39017692 0.15810774 0.96696031 0.1997956 0.36341271 -0.24512219 0.89875793 0.087975129 -0.89258379 0.70864725
pumpkin/seq-01/frame-000179 PINHOLE 640 480 525 525 320 240 0.92061245 -0.077760853 -0.38254598 0.16261792 0.96724433 0.19473648 0.35488424 -0.24149185 0.9031381 0.098033547 -0.89536572 0.70759714
pumpkin/seq-01/frame-000180 PINHOLE 640 480 525 525 320 240 0.92205232 -0.087143451 -0.37701526 0.16931584 0.96691895 0.19059899 0.34794533 -0.23958308 0.90634066 0.10848224 -0.89449394 0.70853853
pumpkin/seq-01/frame-000181 PINHOLE 640 480 525 525 320 240 0.92454624 -0.0994201 -0.36775622 0.17956182 0.9650836 0.1905223 0.33598503 -0.24218792 0.91015267 0.1321927 -0.89935201 0.70632631
pumpkin/seq-01/frame-000182 PINHOLE 640 480 525 525 320 240 0.92597544 -0.10297995 -0.36315176 0.18206318 0.96457851 0.19070549 0.33066064 -0.24271147 0.91196114 0.1431628 -0.89615726 0.7065748
pumpkin/seq-01/frame-000183 PINHOLE 640 480 525 525 320 240 0.92736948 -0.10585009 -0.35874212 0.18371013 0.96433216 0.19037004 0.32580689 -0.24245423 0.91377455 0.15275657 -0.89814883 0.70512134
pumpkin/seq-01/frame-000184 PINHOLE 640 480 525 525 320 240 0.92874753 -0.10841132 -0.35438579 0.18447113 0.96457869 0.18837412 0.32142195 -0.24033217 0.91588569 0.1636017 -0.89886856 0.70428675
pumpkin/seq-01/frame-000185 PINHOLE 640 480 525 525 320 240 0.93194199 -0.11316682 -0.34437129 0.18558341 0.96499598 0.1851162 0.31137845 -0.23643324 0.92035896 0.18455517 -0.90076458 0.70202368
pumpkin/seq-01/frame-000186 PINHOLE 640 480 525 525 320 240 0.9323473 -0.11795653 -0.34165597 0.18963166 0.96431488 0.18456154 0.30770412 -0.2368703 0.92148155 0.19366901 -0.89966381 0.70120138
pumpkin/seq-01/frame-000187 PINHOLE 640 480 525 525 320 240 0.93332511 -0.11833615 -0.33884248 0.18885143 0.96471339 0.18327259 0.30520853 -0.23504986 0.9227764 0.20139574 -0.90265512 0.69947964
pumpkin/seq-01/frame-000188 PINHOLE 640 480 525 525 320 240 0.93469745 -0.11677419 -0.3355853 0.18672794 0.96492594 0.18432534 0.30230093 -0.23495768 0.92375624 0.2098144 -0.90081626 0.69953263
pumpkin/seq-01/frame-000189 PINHOLE 640 480 525 525 320 240 0.93483901 -0.11614437 -0.33540902 0.18632215 0.96483403 0.18521369 0.302113 -0.23564528 0.92364228 0.21147965 -0.90263414 0.7002483
pumpkin/seq-01/frame-000190 PINHOLE 640 480 525 525 320 240 0.93744922 -0.10571341 -0.33155137 0.17515475 0.96656781 0.18706205 0.30070233 -0.23344007 0.92466199 0.22585148 -0.90294772 0.70046008
pumpkin/seq-01/frame-000191 PINHOLE 640 480 525 525 320 240 0.94041187 -0.10116307 -0.32450566 0.16918345 0.96730447 0.188742 0.29481223 -0.23240235 0.92681742 0.23407485 -0.90616941 0.70032042
pumpkin/seq-01/frame-000192 PINHOLE 640 480 525 525 320 240 0.94217986 -0.102667 -0.31885508 0.17031933 0.96644437 0.19209579 0.28844374 -0.2353023 0.92808849 0.24198702 -0.90612209 0.70208722
pumpkin/seq-01/frame-000193 PINHOLE 640 480 525 525 320 240 0.94240546 -0.10677704 -0.3168318 0.17511283 0.96486372 0.1956974 0.28481337 -0.23991418 0.92802882 0.2496351 -0.90559977 0.70369488
pumpkin/seq-01/frame-000194 PINHOLE 640 480 525 525 320 240 0.94344014 -0.10487005 -0.31437898 0.17310119 0.9648332 0.19762674 0.28260794 -0.24087507 0.9284538 0.25622943 -0.90594113 0.70572013
pumpkin/seq-01/frame-000195 PINHOLE 640 480 525 525 320 240 0.94542158 -0.10247611 -0.30917248 0.16977753 0.96508151 0.19928913 0.27796403 -0.24090953 0.92984557 0.26287651 -0.90636516 0.70859551
pumpkin/seq-01/frame-000196 PINHOLE 640 480 525 525 320 240 0.94643503 -0.10256135 -0.30602694 0.16920735 0.96506041 0.19987476 0.27484471 -0.24095728 0.93075997 0.26870024 -0.90848857 0.71151578
pumpkin/seq-01/frame-000197 PINHOLE 640 480 525 525 320 240 0.94872445 -0.097783014 -0.30045116 0.16249628 0.96648252 0.19856724 0.2709738 -0.23721449 0.93285388 0.28367278 -0.91017371 0.72016603
pumpkin/seq-01/frame-000198 PINHOLE 640 480 525 525 320 240 0.95001292 -0.095420197 -0.29712099 0.15946932 0.96681547 0.19939789 0.26824403 -0.23681892 0.9337427 0.29091561 -0.91005021 0.72540778
pumpkin/seq-01/frame-000199 PINHOLE 640 480 525 525 320 240 0.95024335 -0.095267273 -0.29643196 0.15869237 0.96726108 0.19785035 0.26788795 -0.23505411 0.93429065 0.29636356 -0.91266429 0.73037797
pumpkin/seq-01/frame-000200 PINHOLE 640 480 525 525 320 240 0.94991368 -0.096567564 -0.29706642 0.15945077 0.96765113 0.19531639 0.26860487 -0.23290774 0.93462229 0.30327728 -0.91535676 0.73581064
