chess/seq-03/frame-000000 PINHOLE 640 480 525 525 320 240 0.99704725 -0.052101094 -0.056082293 0.028390523 0.93205589 -0.36115384 0.071089409 0.35850239 0.93079323 -0.051365793 -0.78486353 -0.70112866
chess/seq-03/frame-000001 PINHOLE 640 480 525 525 320 240 0.99720067 -0.050827429 -0.054499444 0.027621193 0.93130153 -0.36315382 0.069214627 0.36063918 0.93010879 -0.051333815 -0.78257066 -0.69717884
chess/seq-03/frame-000002 PINHOLE 640 480 525 525 320 240 0.9972403 -0.050539285 -0.054040499 0.027384898 0.93060255 -0.36495894 0.068736017 0.36247915 0.92942882 -0.049632747 -0.78304195 -0.69554532
chess/seq-03/frame-000003 PINHOLE 640 480 525 525 320 240 0.99722666 -0.050321702 -0.054495182 0.026930196 0.93016064 -0.36611772 0.069113955 0.36364201 0.92894644 -0.050728641 -0.78402901 -0.69413483
chess/seq-03/frame-000004 PINHOLE 640 480 525 525 320 240 0.99741924 -0.047960714 -0.053080771 0.025324466 0.93064117 -0.36500961 0.066906266 0.36273065 0.92946416 -0.048948824 -0.78300053 -0.69165593
chess/seq-03/frame-000005 PINHOLE 640 480 525 525 320 240 0.99743819 -0.047348041 -0.053274889 0.024662945 0.93055439 -0.36527616 0.066871278 0.36303371 0.92934823 -0.050312784 -0.78346074 -0.6905328
chess/seq-03/frame-000006 PINHOLE 640 480 525 525 320 240 0.99743801 -0.047357809 -0.053269465 0.02469332 0.93065882 -0.36500809 0.066862673 0.36276469 0.92945385 -0.048311137 -0.78480214 -0.68928516
chess/seq-03/frame-000007 PINHOLE 640 480 525 525 320 240 0.99756616 -0.044484623 -0.053345051 0.022088718 0.93129683 -0.36354464 0.065853186 0.36148861 0.93002295 -0.048532233 -0.78208899 -0.68680453
chess/seq-03/frame-000008 PINHOLE 640 480 525 525 320 240 0.99761242 -0.043619983 -0.053197023 0.021234214 0.9307549 -0.3649807 0.065434799 0.3629868 0.92946875 -0.048976652 -0.78205919 -0.68516701
chess/seq-03/frame-000009 PINHOLE 640 480 525 525 320 240 0.99789262 -0.04286867 -0.048330508 0.022229711 0.93027031 -0.36615536 0.060657933 0.36431646 0.92927247 -0.047147863 -0.78215015 -0.68063825
chess/seq-03/frame-000010 PINHOLE 640 480 525 525 320 240 0.99822098 -0.04292636 -0.040933244 0.025006816 0.93033773 -0.36580479 0.053785235 0.36413747 0.92976558 -0.046969518 -0.78176737 -0.67750764
chess/seq-03/frame-000011 PINHOLE 640 480 525 525 320 240 0.99854583 -0.04416756 -0.030314781 0.030141035 0.93102956 -0.36365098 0.04428627 0.36221546 0.93101639 -0.045617208 -0.78034502 -0.67350572
chess/seq-03/frame-000012 PINHOLE 640 480 525 525 320 240 0.99882793 -0.044705823 -0.01753491 0.035353217 0.93167317 -0.36152682 0.032499779 0.36049023 0.93217129 -0.044005714 -0.78003496 -0.66749251
chess/seq-03/frame-000013 PINHOLE 640 480 525 525 320 240 0.99879402 -0.047449742 0.011052544 0.048273418 0.93319505 -0.35606611 0.0065814266 0.35617733 0.93436986 -0.040491536 -0.7785902 -0.6527583
chess/seq-03/frame-000014 PINHOLE 640 480 525 525 320 240 0.99844384 -0.049879972 0.024186341 0.055225302 0.93288273 -0.35587403 -0.0048117791 0.35666302 0.93419522 -0.038046569 -0.77709848 -0.64255631
chess/seq-03/frame-000015 PINHOLE 640 480 525 525 320 240 0.9971959 -0.056194995 0.049043529 0.070207395 0.92918277 -0.36284527 -0.025180247 0.3652783 0.93053198 -0.034812786 -0.77736515 -0.61928517
chess/seq-03/frame-000016 PINHOLE 640 480 525 525 320 240 0.99643785 -0.058443855 0.060485348 0.07664381 0.92711395 -0.36681262 -0.034638897 0.37014914 0.92830032 -0.032423086 -0.77813888 -0.60604793
chess/seq-03/frame-000017 PINHOLE 640 480 525 525 320 240 0.99458802 -0.065266877 0.080605164 0.090962693 0.92228633 -0.37560543 -0.049826611 0.38091224 0.92324138 -0.03100987 -0.78361344 -0.57700592
chess/seq-03/frame-000018 PINHOLE 640 480 525 525 320 240 0.99372286 -0.066293746 0.089900099 0.095579498 0.92115724 -0.37722605 -0.05780464 0.38345844 0.9217211 -0.030079272 -0.78494072 -0.56217819
chess/seq-03/frame-000019 PINHOLE 640 480 525 525 320 240 0.99280876 -0.067144163 0.098916113 0.10008009 0.91935879 -0.38043255 -0.065395892 0.387604 0.91947705 -0.028017972 -0.78702241 -0.54655576
chess/seq-03/frame-000020 PINHOLE 640 480 525 525 320 240 0.99085641 -0.06787888 0.11643907 0.10803422 0.91653913 -0.38503242 -0.080585904 0.39409888 0.91550165 -0.02298424 -0.79270399 -0.51655138
chess/seq-03/frame-000021 PINHOLE 640 480 525 525 320 240 0.98964512 -0.068697266 0.12587771 0.11270864 0.91532582 -0.38657537 -0.088663034 0.39676765 0.91360015 -0.020675611 -0.79453057 -0.50156045
chess/seq-03/frame-000022 PINHOLE 640 480 525 525 320 240 0.98856318 -0.068824477 0.13404542 0.11640467 0.91369021 -0.38933945 -0.095680565 0.40049797 0.9112615 -0.018005477 -0.8001731 -0.48602957
chess/seq-03/frame-000023 PINHOLE 640 480 525 525 320 240 0.9865433 -0.071636073 0.14684255 0.12399548 0.91351783 -0.38739547 -0.10639257 0.40039808 0.91011697 -0.013365943 -0.80560189 -0.45752952
chess/seq-03/frame-000024 PINHOLE 640 480 525 525 320 240 0.98532265 -0.073536955 0.15392715 0.12850316 0.91339493 -0.38621435 -0.11219607 0.4003337 0.90944821 -0.0091520566 -0.80803007 -0.44322035
chess/seq-03/frame-000025 PINHOLE 640 480 525 525 320 240 0.98253262 -0.084665753 0.16559896 0.14325576 0.91233641 -0.38351628 -0.11861212 0.40054813 0.90853912 -0.004816093 -0.81190675 -0.41663948
chess/seq-03/frame-000026 PINHOLE 640 480 525 525 320 240 0.98030502 -0.092247337 0.17451088 0.15374571 0.91128641 -0.38194752 -0.12379663 0.40126327 0.9075312 -0.00029897189 -0.81573528 -0.40262064
chess/seq-03/frame-000027 PINHOLE 640 480 525 525 320 240 0.97591597 -0.10170817 0.1928861 0.16909517 0.91148502 -0.37492189 -0.13768117 0.39851627 0.90674084 0.0079763569 -0.82150638 -0.37482125
chess/seq-03/frame-000028 PINHOLE 640 480 525 525 320 240 0.97325087 -0.10629466 0.2035826 0.17726456 0.91127777 -0.3716374 -0.14601833 0.39779222 0.90575403 0.012536646 -0.82558662 -0.36067379
chess/seq-03/frame-000029 PINHOLE 640 480 525 525 320 240 0.97061032 -0.11177489 0.2130333 0.18565568 0.91116256 -0.36780289 -0.15299796 0.39655206 0.90514541 0.015965318 -0.83029705 -0.34708366
chess/seq-03/frame-000030 PINHOLE 640 480 525 525 320 240 0.96592844 -0.12599936 0.22598059 0.20272523 0.91125596 -0.35843974 -0.16076416 0.39204708 0.90576142 0.027084738 -0.84074932 -0.32008213
chess/seq-03/frame-000031 PINHOLE 640 480 525 525 320 240 0.96426886 -0.13059041 0.23041794 0.20760128 0.91290098 -0.35139325 -0.16446139 0.38668057 0.90740293 0.033098362 -0.84523362 -0.30760831
chess/seq-03/frame-000032 PINHOLE 640 480 525 525 320 240 0.96072042 -0.13831352 0.24051271 0.21780786 0.91296005 -0.34500322 -0.17186119 0.38384512 0.90723532 0.043695055 -0.85435712 -0.28142506
chess/seq-03/frame-000033 PINHOLE 640 480 525 525 320 240 0.95944113 -0.14514731 0.24158983 0.22410391 0.91269773 -0.34164867 -0.17091034 0.38194084 0.90821803 0.048694748 -0.85912693 -0.26937929
chess/seq-03/frame-000034 PINHOLE 640 480 525 525 320 240 0.95696968 -0.15403491 0.2458514 0.23270495 0.91359699 -0.33339527 -0.1732558 0.37626791 0.91013962 0.060973305 -0.86775434 -0.24620771
chess/seq-03/frame-000035 PINHOLE 640 480 525 525 320 240 0.95536536 -0.15119553 0.25372735 0.23211057 0.91555804 -0.32839197 -0.18265203 0.37263498 0.90979689 0.069426924 -0.87175083 -0.23384185
chess/seq-03/frame-000036 PINHOLE 640 480 525 525 320 240 0.95109701 -0.14503774 0.27265227 0.23187257 0.91849864 -0.32024771 -0.20398428 0.36781502 0.90722179 0.084915049 -0.87597239 -0.20856921
chess/seq-03/frame-000037 PINHOLE 640 480 525 525 320 240 0.94969904 -0.14170772 0.27919772 0.23182547 0.91760755 -0.32282594 -0.21044861 0.37132049 0.90431255 0.09257856 -0.87922812 -0.19542329
chess/seq-03/frame-000038 PINHOLE 640 480 525 525 320 240 0.95033813 -0.14582565 0.27486813 0.23492554 0.9155032 -0.3265377 -0.20402662 0.37490276 0.90430605 0.1051578 -0.88508993 -0.17022888
chess/seq-03/frame-000039 PINHOLE 640 480 525 525 320 240 0.95072794 -0.14952025 0.27151436 0.23751505 0.91423339 -0.32821751 -0.19915383 0.37654233 0.90471101 0.11315959 -0.88580835 -0.15731862
chess/seq-03/frame-000040 PINHOLE 640 480 525 525 320 240 0.95179367 -0.14825043 0.26845944 0.23543116 0.91418105 -0.3298603 -0.19652011 0.37717068 0.90502501 0.12263159 -0.88736039 -0.14337786
chess/seq-03/frame-000041 PINHOLE 640 480 525 525 320 240 0.95500213 -0.13718601 0.26288846 0.22298029 0.91663843 -0.33168703 -0.19547239 0.37538877 0.90599209 0.13918532 -0.883618 -0.11601234
chess/seq-03/frame-000042 PINHOLE 640 480 525 525 320 240 0.95563501 -0.13546529 0.2614772 0.2215448 0.91566968 -0.3353048 -0.19400612 0.37836596 0.90506828 0.14752525 -0.88201874 -0.10167083
chess/seq-03/frame-000043 PINHOLE 640 480 525 525 320 240 0.95889109 -0.13216104 0.25103852 0.21625635 0.91323251 -0.34525609 -0.18362857 0.38535991 0.9042818 0.16366938 -0.88191861 -0.073587283
chess/seq-03/frame-000044 PINHOLE 640 480 525 525 320 240 0.96064943 -0.13030863 0.24521652 0.21297902 0.91238195 -0.34951541 -0.17818765 0.38799608 0.90424299 0.17125851 -0.8811484 -0.059925199
chess/seq-03/frame-000045 PINHOLE 640 480 525 525 320 240 0.96443021 -0.12571821 0.23243946 0.20522377 0.91044211 -0.35908228 -0.16648072 0.39402032 0.90386891 0.18763787 -0.88288516 -0.032194473
chess/seq-03/frame-000046 PINHOLE 640 480 525 525 320 240 0.96738672 -0.12585247 0.21973249 0.2009926 0.90943086 -0.36400411 -0.15402178 0.39630589 0.90507746 0.19422033 -0.88431245 -0.018863661
chess/seq-03/frame-000047 PINHOLE 640 480 525 525 320 240 0.97062337 -0.12710582 0.20418736 0.1954526 0.91157478 -0.36165023 -0.14016519 0.39094368 0.90964979 0.20905961 -0.88680035 0.0069820913
chess/seq-03/frame-000048 PINHOLE 640 480 525 525 320 240 0.97232562 -0.12199101 0.19914559 0.18882893 0.91242158 -0.36303091 -0.13741921 0.39059737 0.91021723 0.21672858 -0.88922715 0.019887134
chess/seq-03/frame-000049 PINHOLE 640 480 525 525 320 240 0.97749174 -0.11328013 0.17786348 0.17236328 0.91511846 -0.36443079 -0.12148424 0.38689381 0.9140572 0.23139752 -0.89328957 0.043877207
chess/seq-03/frame-000050 PINHOLE 640 480 525 525 320 240 0.97810549 -0.11635742 0.1724191 0.17278232 0.91600448 -0.36199829 -0.11581626 0.38387206 0.91606462 0.23866345 -0.89469248 0.05596422
chess/seq-03/frame-000051 PINHOLE 640 480 525 525 320 240 0.97925794 -0.11274546 0.16822667 0.16734526 0.9183206 -0.35866901 -0.11404849 0.37938994 0.91815126 0.24667378 -0.89599961 0.068453342
chess/seq-03/frame-000052 PINHOLE 640 480 525 525 320 240 0.98051196 -0.095808536 0.17139113 0.15239236 0.92173606 -0.35656676 -0.12381618 0.37574518 0.91838485 0.2642397 -0.89552706 0.095014736
chess/seq-03/frame-000053 PINHOLE 640 480 525 525 320 240 0.98085827 -0.091262393 0.1718902 0.14855599 0.92166603 -0.35836244 -0.12572131 0.37704661 0.91759217 0.27404895 -0.89590842 0.1075538
chess/seq-03/frame-000054 PINHOLE 640 480 525 525 320 240 0.98181665 -0.089439884 0.16731539 0.14518201 0.92190719 -0.35912377 -0.1221302 0.37689349 0.91813987 0.28257075 -0.89600116 0.12045415
chess/seq-03/frame-000055 PINHOLE 640 480 525 525 320 240 0.98291385 -0.088808022 0.16109343 0.142306 0.92201757 -0.35999042 -0.1165618 0.37677279 0.91891289 0.30138835 -0.89241695 0.14588936
chess/seq-03/frame-000056 PINHOLE 640 480 525 525 320 240 0.98208165 -0.086974099 0.16705883 0.14275996 0.92230761 -0.35906619 -0.12285112 0.37649021 0.91820914 0.31312194 -0.89209652 0.15966997
chess/seq-03/frame-000057 PINHOLE 640 480 525 525 320 240 0.97862554 -0.081468135 0.18871315 0.14502127 0.92428142 -0.35303384 -0.14566432 0.37286389 0.91635138 0.33571029 -0.88930261 0.18569677
chess/seq-03/frame-000058 PINHOLE 640 480 525 525 320 240 0.97692865 -0.077378884 0.19894885 0.14447722 0.92575043 -0.34938875 -0.15714312 0.37007999 0.91558301 0.34765387 -0.88723123 0.19792968
chess/seq-03/frame-000059 PINHOLE 640 480 525 525 320 240 0.97497743 -0.074467622 0.20935906 0.14524244 0.92660248 -0.34680292 -0.16816866 0.36854148 0.91424394 0.36096182 -0.88425499 0.21006718
chess/seq-03/frame-000060 PINHOLE 640 480 525 525 320 240 0.96921146 -0.080367826 0.23265323 0.16023934 0.92347443 -0.34853727 -0.18683995 0.37509528 0.90793157 0.38966778 -0.88062298 0.23375416
chess/seq-03/frame-000061 PINHOLE 640 480 525 525 320 240 0.96632445 -0.084817946 0.24285787 0.16805699 0.92289889 -0.34637287 -0.19475652 0.37553135 0.90608573 0.4043735 -0.88023013 0.24361819
chess/seq-03/frame-000062 PINHOLE 640 480 525 525 320 240 0.96312863 -0.085777879 0.2549167 0.17290947 0.92342472 -0.34256214 -0.20601419 0.37401769 0.90422016 0.42112419 -0.87873548 0.25314677
chess/seq-03/frame-000063 PINHOLE 640 480 525 525 320 240 0.95230669 -0.082147866 0.29380369 0.18209463 0.9257338 -0.33138809 -0.24476381 0.36909187 0.89655292 0.45693842 -0.87700564 0.26957625
chess/seq-03/frame-000064 PINHOLE 640 480 525 525 320 240 0.94577456 -0.075178005 0.31593552 0.18326584 0.92666799 -0.3281154 -0.26810327 0.36823219 0.89020818 0.47600168 -0.87640589 0.27748266
chess/seq-03/frame-000065 PINHOLE 640 480 525 525 320 240 0.93088752 -0.0767003 0.35710222 0.19948867 0.92574406 -0.32118767 -0.30595371 0.37023628 0.87707603 0.51200676 -0.87933546 0.29062712
chess/seq-03/frame-000066 PINHOLE 640 480 525 525 320 240 0.92238653 -0.076936468 0.37847117 0.20563875 0.92731506 -0.31266373 -0.3269107 0.36623386 0.87117565 0.53029746 -0.88132375 0.29606977
chess/seq-03/frame-000067 PINHOLE 640 480 525 525 320 240 0.90434223 -0.060240854 0.42248347 0.20526749 0.9293294 -0.30687264 -0.37414473 0.36424878 0.85280907 0.56682271 -0.88031501 0.30864391
chess/seq-03/frame-000068 PINHOLE 640 480 525 525 320 240 0.89250231 -0.063445576 0.44650868 0.21790503 0.92746872 -0.30377272 -0.39485469 0.36842325 0.84160465 0.58217949 -0.88236815 0.31439254
chess/seq-03/frame-000069 PINHOLE 640 480 525 525 320 240 0.87537503 -0.061850753 0.47942525 0.23109116 0.92463672 -0.30265853 -0.42457989 0.37573975 0.82370847 0.61487758 -0.88102221 0.32651398
chess/seq-03/frame-000070 PINHOLE 640 480 525 525 320 240 0.86849159 -0.064934015 0.49138701 0.24022439 0.92229086 -0.30270433 -0.43355146 0.3809486 0.81661206 0.62845224 -0.88094932 0.33163503
chess/seq-03/frame-000071 PINHOLE 640 480 525 525 320 240 0.85454154 -0.069809966 0.51462662 0.25383589 0.92062283 -0.2966128 -0.45307621 0.38410801 0.80444193 0.65676135 -0.88342088 0.34317484
chess/seq-03/frame-000072 PINHOLE 640 480 525 525 320 240 0.8472203 -0.064852953 0.52722585 0.25348577 0.9215641 -0.29397711 -0.46681306 0.38271701 0.79721832 0.67200845 -0.88426089 0.34921956
chess/seq-03/frame-000073 PINHOLE 640 480 525 525 320 240 0.84083861 -0.060481694 0.53785455 0.2521145 0.92309374 -0.29033396 -0.47893664 0.37973431 0.79143232 0.6885975 -0.88298327 0.35542807
chess/seq-03/frame-000074 PINHOLE 640 480 525 525 320 240 0.83509934 -0.072796442 0.54521984 0.26477838 0.92199278 -0.28245229 -0.4821336 0.3802475 0.78924161 0.71423858 -0.88228297 0.36570719
chess/seq-03/frame-000075 PINHOLE 640 480 525 525 320 240 0.8315624 -0.077276312 0.54998839 0.26988772 0.92169619 -0.27855718 -0.48540288 0.38008219 0.78731489 0.72766703 -0.88404202 0.37181026
chess/seq-03/frame-000076 PINHOLE 640 480 525 525 320 240 0.82101107 -0.069680147 0.56660408 0.26768386 0.92361665 -0.27428982 -0.50421923 0.3768751 0.77696282 0.75538158 -0.88234013 0.38439772
chess/seq-03/frame-000077 PINHOLE 640 480 525 525 320 240 0.81639713 -0.071561642 0.57300025 0.27015918 0.92431146 -0.26947984 -0.51035297 0.37481317 0.77394944 0.768942 -0.88166517 0.39014578
chess/seq-03/frame-000078 PINHOLE 640 480 525 525 320 240 0.81324363 -0.071791276 0.57743853 0.27075258 0.92505646 -0.26630893 -0.51505119 0.37292635 0.77174526 0.79509473 -0.87583816 0.40202504
chess/seq-03/frame-000079 PINHOLE 640 480 525 525 320 240 0.81073034 -0.080237471 0.57985544 0.28114063 0.922194 -0.26547125 -0.51344502 0.37825602 0.77021986 0.80633801 -0.87904847 0.40827876
chess/seq-03/frame-000080 PINHOLE 640 480 525 525 320 240 0.80662268 -0.091554232 0.58389324 0.28946546 0.92250818 -0.25523525 -0.51528478 0.37490505 0.77062929 0.83400172 -0.87944341 0.4199625
chess/seq-03/frame-000081 PINHOLE 640 480 525 525 320 240 0.80183393 -0.092911877 0.59023982 0.28847206 0.9252606 -0.24623775 -0.52325362 0.36771902 0.76871943 0.8637929 -0.88243449 0.4320547
chess/seq-03/frame-000082 PINHOLE 640 480 525 525 320 240 0.79957432 -0.090711072 0.59363765 0.28504807 0.92737848 -0.24222505 -0.5285607 0.3629016 0.76737678 0.87864459 -0.8799386 0.43776849
chess/seq-03/frame-000083 PINHOLE 640 480 525 525 320 240 0.79475361 -0.098034896 0.59892303 0.29566079 0.92436218 -0.24102952 -0.52999896 0.3686468 0.76363707 0.90844887 -0.88157856 0.45059144
chess/seq-03/frame-000084 PINHOLE 640 480 525 525 320 240 0.79384494 -0.10104836 0.59962672 0.29865244 0.9237411 -0.23971842 -0.52968311 0.36938891 0.76349753 0.92186707 -0.88256729 0.45576674
chess/seq-03/frame-000085 PINHOLE 640 480 525 525 320 240 0.79020602 -0.092027985 0.6058529 0.2964389 0.92267126 -0.24648996 -0.53632569 0.37438604 0.75639319 0.95243913 -0.88226074 0.46898308
chess/seq-03/frame-000086 PINHOLE 640 480 525 525 320 240 0.79023528 -0.092109323 0.60580206 0.29787132 0.92169213 -0.24841847 -0.53548795 0.37677002 0.75580239 0.9664163 -0.88167602 0.47466388
chess/seq-03/frame-000087 PINHOLE 640 480 525 525 320 240 0.79108745 -0.10380556 0.60279125 0.30939037 0.91801715 -0.24794647 -0.52764088 0.38265508 0.75836033 0.99237317 -0.88034576 0.48566318
chess/seq-03/frame-000088 PINHOLE 640 480 525 525 320 240 0.79236245 -0.10316223 0.60122496 0.30925688 0.91746414 -0.2501497 -0.52580273 0.38415217 0.75887984 1.0055439 -0.87836111 0.49151364
chess/seq-03/frame-000089 PINHOLE 640 480 525 525 320 240 0.79008883 -0.094264053 0.60566139 0.30537269 0.91726291 -0.25559983 -0.53146327 0.38690919 0.75351685 1.0294906 -0.87475634 0.50234485
chess/seq-03/frame-000090 PINHOLE 640 480 525 525 320 240 0.79015058 -0.088677354 0.60642385 0.3053391 0.91487283 -0.26406562 -0.53139061 0.39382681 0.74997592 1.0533851 -0.86732113 0.51103699
chess/seq-03/frame-000091 PINHOLE 640 480 525 525 320 240 0.7905066 -0.090463035 0.60569572 0.30794889 0.91359288 -0.26546267 -0.52935117 0.39638361 0.75007111 1.064141 -0.86582905 0.51467383
chess/seq-03/frame-000092 PINHOLE 640 480 525 525 320 240 0.79167819 -0.085630104 0.60486746 0.30362388 0.91431117 -0.26795986 -0.53009814 0.3958005 0.74985158 1.0880162 -0.8580851 0.51962453
chess/seq-03/frame-000093 PINHOLE 640 480 525 525 320 240 0.7923823 -0.085035287 0.6040287 0.3027589 0.91445994 -0.26843062 -0.5295403 0.39558503 0.75035918 1.0992202 -0.85282815 0.52047634
chess/seq-03/frame-000094 PINHOLE 640 480 525 525 320 240 0.79458076 -0.092751794 0.59999138 0.30668312 0.9142043 -0.26482189 -0.52395827 0.39443985 0.75486702 1.1197447 -0.84227538 0.51923442
chess/seq-03/frame-000095 PINHOLE 640 480 525 525 320 240 0.7894206 -0.095168151 0.60639012 0.30855787 0.91552067 -0.25800887 -0.53061473 0.39079422 0.75210834 1.1387206 -0.83258426 0.51588273
chess/seq-03/frame-000096 PINHOLE 640 480 525 525 320 240 0.78431433 -0.094742082 0.61304629 0.30958906 0.91615582 -0.25449488 -0.53754079 0.38940665 0.74789786 1.1485808 -0.8271153 0.51416224
chess/seq-03/frame-000097 PINHOLE 640 480 525 525 320 240 0.77377689 -0.095634125 0.6261583 0.31051546 0.91885763 -0.24338257 -0.55208117 0.38276574 0.74069917 1.1666515 -0.8122046 0.50669491
chess/seq-03/frame-000098 PINHOLE 640 480 525 525 320 240 0.76855373 -0.097870186 0.63221604 0.31422585 0.9185394 -0.23979503 -0.55725318 0.3829641 0.73671281 1.1767302 -0.80398107 0.50348711
chess/seq-03/frame-000099 PINHOLE 640 480 525 525 320 240 0.76218653 -0.10667266 0.6384694 0.32438058 0.91647178 -0.23411672 -0.56017208 0.38555783 0.73313755 1.1923298 -0.78982615 0.49516264
chess/seq-03/frame-000100 PINHOLE 640 480 525 525 320 240 0.75183153 -0.10118062 0.65150779 0.32131749 0.91907358 -0.22806248 -0.57571512 0.38081557 0.72351211 1.2114944 -0.7740072 0.49124324
chess/seq-03/frame-000101 PINHOLE 640 480 525 525 320 240 0.74071336 -0.097345658 0.66469389 0.31622362 0.92347383 -0.21714537 -0.59269661 0.37104437 0.71482497 1.2286844 -0.75658697 0.48549175
chess/seq-03/frame-000102 PINHOLE 640 480 525 525 320 240 0.73713267 -0.097576961 0.66862893 0.31360433 0.92587626 -0.21061622 -0.59852368 0.36494693 0.71310663 1.2347785 -0.74730223 0.48204848
chess/seq-03/frame-000103 PINHOLE 640 480 525 525 320 240 0.73279417 -0.092138551 0.67414653 0.30376723 0.93084997 -0.20297079 -0.60883528 0.35352924 0.71012276 1.2460887 -0.728706 0.47660935
chess/seq-03/frame-000104 PINHOLE 640 480 525 525 320 240 0.72768766 -0.085802533 0.68048412 0.29611769 0.93419474 -0.19886619 -0.61864913 0.34622571 0.70522219 1.2546406 -0.71088439 0.47207636
chess/seq-03/frame-000105 PINHOLE 640 480 525 525 320 240 0.72302771 -0.084039368 0.68565166 0.29119542 0.93713117 -0.19220665 -0.62640053 0.33863911 0.70205635 1.2579565 -0.69266081 0.46460831
chess/seq-03/frame-000106 PINHOLE 640 480 525 525 320 240 0.72232825 -0.087487653 0.68595743 0.29181123 0.93785906 -0.18766876 -0.62692064 0.33573824 0.70298463 1.2580663 -0.68354923 0.46011767
chess/seq-03/frame-000107 PINHOLE 640 480 525 525 320 240 0.72416627 -0.090925902 0.6835683 0.29089361 0.9390139 -0.18326631 -0.62522447 0.33157057 0.70646471 1.2534428 -0.66889524 0.45214841
chess/seq-03/frame-000108 PINHOLE 640 480 525 525 320 240 0.72658771 -0.092618987 0.68076551 0.28235245 0.94355994 -0.17298561 -0.6263296 0.31791446 0.71174335 1.2478684 -0.65422565 0.44250029
chess/seq-03/frame-000109 PINHOLE 640 480 525 525 320 240 0.73161298 -0.096150748 0.67486799 0.27623466 0.94687229 -0.16455786 -0.62319964 0.30682397 0.71931767 1.2419518 -0.6421085 0.43379116
chess/seq-03/frame-000110 PINHOLE 640 480 525 525 320 240 0.73658234 -0.094283149 0.66970628 0.26770994 0.94997782 -0.16070321 -0.6210627 0.29766744 0.72499096 1.2334348 -0.62692237 0.42536932
chess/seq-03/frame-000111 PINHOLE 640 480 525 525 320 240 0.73677462 -0.093897179 0.66954875 0.26766804 0.94988298 -0.16133268 -0.62085253 0.29809198 0.72499639 1.2285005 -0.62268466 0.42128661
chess/seq-03/frame-000112 PINHOLE 640 480 525 525 320 240 0.74061745 -0.095828071 0.66502017 0.26888695 0.94931209 -0.16265972 -0.61573249 0.29929316 0.72885758 1.2178053 -0.61226428 0.41308823
chess/seq-03/frame-000113 PINHOLE 640 480 525 525 320 240 0.74648714 -0.09313155 0.65881121 0.26427564 0.95018083 -0.16512613 -0.61061925 0.29738158 0.73392385 1.2046226 -0.60359526 0.40497455
chess/seq-03/frame-000114 PINHOLE 640 480 525 525 320 240 0.75749916 -0.10281914 0.64464867 0.26941198 0.94871408 -0.16525863 -0.59460324 0.29886869 0.74636471 1.1882133 -0.59299231 0.39558232
chess/seq-03/frame-000115 PINHOLE 640 480 525 525 320 240 0.76364094 -0.10377153 0.63720703 0.26934054 0.94818747 -0.16836743 -0.5867275 0.30020723 0.75203872 1.1767921 -0.5879423 0.39088941
chess/seq-03/frame-000116 PINHOLE 640 480 525 525 320 240 0.76694065 -0.095154591 0.63458365 0.26334015 0.94847876 -0.1760437 -0.58514518 0.30213577 0.75249898 1.1568732 -0.57519233 0.38430375
chess/seq-03/frame-000117 PINHOLE 640 480 525 525 320 240 0.76925313 -0.09194611 0.63225335 0.26088595 0.94851339 -0.17947793 -0.58320576 0.30301932 0.7536484 1.1341792 -0.56194961 0.37850139
chess/seq-03/frame-000118 PINHOLE 640 480 525 525 320 240 0.77413493 -0.089863166 0.62656868 0.258306 0.94852644 -0.18310267 -0.57787007 0.30360198 0.75751406 1.1075848 -0.54878676 0.37210923
chess/seq-03/frame-000119 PINHOLE 640 480 525 525 320 240 0.77514988 -0.080810957 0.62654662 0.25026348 0.94990045 -0.18710436 -0.58004433 0.30184501 0.75655377 1.0961068 -0.5412432 0.37009826
chess/seq-03/frame-000120 PINHOLE 640 480 525 525 320 240 0.77058935 -0.054485917 0.63495785 0.23344478 0.95119715 -0.20168813 -0.59298879 0.30365586 0.74571621 1.075732 -0.52583998 0.36660913
chess/seq-03/frame-000121 PINHOLE 640 480 525 525 320 240 0.76748306 -0.035856798 0.6400252 0.2253734 0.94976234 -0.21704626 -0.60009724 0.31083369 0.73702174 1.0560777 -0.51149058 0.36064896
chess/seq-03/frame-000122 PINHOLE 640 480 525 525 320 240 0.76667982 -0.026746042 0.64143151 0.22240362 0.94830394 -0.22628947 -0.60222787 0.31615812 0.73300797 1.0465201 -0.50584012 0.35734606
chess/seq-03/frame-000123 PINHOLE 640 480 525 525 320 240 0.76647514 -0.015700055 0.64204097 0.21849555 0.94641918 -0.23769945 -0.60391617 0.32248387 0.72885114 1.03266 -0.49351242 0.35027415
chess/seq-03/frame-000124 PINHOLE 640 480 525 525 320 240 0.7690919 -0.010370967 0.63901263 0.21970394 0.94319659 -0.24912 -0.60013908 0.33200011 0.72769725 1.0253395 -0.48827988 0.3461574
chess/seq-03/frame-000125 PINHOLE 640 480 525 525 320 240 0.7726112 -0.0016478294 0.63483542 0.21891038 0.9393307 -0.26398158 -0.59589362 0.3429378 0.72611201 1.0141093 -0.48434925 0.33932206
chess/seq-03/frame-000126 PINHOLE 640 480 525 525 320 240 0.77488911 -0.0024641156 0.63205034 0.22218992 0.93720627 -0.26874956 -0.59170741 0.34869698 0.72679228 1.0068307 -0.47637704 0.33011734
chess/seq-03/frame-000127 PINHOLE 640 480 525 525 320 240 0.77705592 -0.0026101626 0.62938368 0.22567719 0.93462908 -0.2747519 -0.58753115 0.35554597 0.72686189 1.0028861 -0.47611272 0.32475764
chess/seq-03/frame-000128 PINHOLE 640 480 525 525 320 240 0.77503544 -0.0082886694 0.63182098 0.23147957 0.93410355 -0.27169472 -0.5879423 0.35683757 0.72589558 0.99877638 -0.46997851 0.31278241
chess/seq-03/frame-000129 PINHOLE 640 480 525 525 320 240 0.76663858 -0.020136634 0.64172089 0.2460091 0.93241405 -0.26463899 -0.59302878 0.36076275 0.71979189 0.99736434 -0.46530551 0.29994795
chess/seq-03/frame-000130 PINHOLE 640 480 525 525 320 240 0.75987941 -0.021761337 0.64965796 0.24847612 0.93323934 -0.25937226 -0.60065049 0.35852724 0.71457005 0.99900943 -0.46096388 0.29320246
chess/seq-03/frame-000131 PINHOLE 640 480 525 525 320 240 0.74005145 -0.026743425 0.67197806 0.25655097 0.93484867 -0.24533498 -0.62164557 0.3539682 0.69871038 1.0061255 -0.45038807 0.27848193
chess/seq-03/frame-000132 PINHOLE 640 480 525 525 320 240 0.7290169 -0.035036981 0.68355876 0.26502958 0.93520904 -0.23471873 -0.63105559 0.35228834 0.69108212 1.01515 -0.44046453 0.26275986
chess/seq-03/frame-000133 PINHOLE 640 480 525 525 320 240 0.72016484 -0.03664542 0.69279534 0.26494241 0.93742114 -0.22582419 -0.64117491 0.34619266 0.68481958 1.0247186 -0.42877048 0.24685995
chess/seq-03/frame-000134 PINHOLE 640 480 525 525 320 240 0.71514028 -0.039087072 0.69784802 0.26727754 0.9378199 -0.22137231 -0.64581251 0.34484258 0.68113285 1.031268 -0.42165619 0.23801799
chess/seq-03/frame-000135 PINHOLE 640 480 525 525 320 240 0.71189129 -0.039677147 0.70112872 0.26549494 0.93948412 -0.2164046 -0.65012258 0.34021389 0.67935783 1.0427337 -0.41380259 0.22338104
chess/seq-03/frame-000136 PINHOLE 640 480 525 525 320 240 0.70251101 -0.039480712 0.71053797 0.26257131 0.9423669 -0.20724286 -0.66141534 0.3321684 0.67240286 1.0562428 -0.40081027 0.208652
chess/seq-03/frame-000137 PINHOLE 640 480 525 525 320 240 0.7013936 -0.048740432 0.71106684 0.26729265 0.9428097 -0.19903113 -0.66070974 0.32967317 0.67432183 1.0619503 -0.39603937 0.20273621
chess/seq-03/frame-000138 PINHOLE 640 480 525 525 320 240 0.70491606 -0.052083161 0.70733678 0.25930563 0.94715917 -0.18867633 -0.66014373 0.31642824 0.68118662 1.0710788 -0.38260186 0.19164814
chess/seq-03/frame-000139 PINHOLE 640 480 525 525 320 240 0.70331401 -0.05223991 0.70891815 0.25246239 0.95061082 -0.18041657 -0.6644907 0.30587536 0.6817801 1.0812025 -0.36897331 0.18314481
chess/seq-03/frame-000140 PINHOLE 640 480 525 525 320 240 0.71218425 -0.066577323 0.6987887 0.25750709 0.95084453 -0.17185147 -0.65300804 0.30234355 0.69433445 1.0888113 -0.35614696 0.17653219
chess/seq-03/frame-000141 PINHOLE 640 480 525 525 320 240 0.71800303 -0.062327836 0.69320369 0.24606884 0.95436692 -0.16906236 -0.65104342 0.29197356 0.70058924 1.0958639 -0.34422186 0.17103405
chess/seq-03/frame-000142 PINHOLE 640 480 525 525 320 240 0.72351944 -0.058804348 0.68775451 0.23893918 0.95607829 -0.16961814 -0.64758289 0.28706378 0.7058059 1.0989873 -0.33854216 0.1681423
chess/seq-03/frame-000143 PINHOLE 640 480 525 525 320 240 0.73420727 -0.05172037 0.67691147 0.22320445 0.9600274 -0.16874495 -0.64113617 0.27499345 0.71641761 1.1037021 -0.32649425 0.16279185
chess/seq-03/frame-000144 PINHOLE 640 480 525 525 320 240 0.74461615 -0.047549013 0.66575557 0.20662788 0.96485561 -0.16219251 -0.63465589 0.25834447 0.72828645 1.1079689 -0.31408498 0.15981245
chess/seq-03/frame-000145 PINHOLE 640 480 525 525 320 240 0.75508803 -0.048309263 0.65379882 0.19915414 0.96702939 -0.15855402 -0.6245929 0.24993847 0.73982799 1.110715 -0.29913732 0.15640618
chess/seq-03/frame-000146 PINHOLE 640 480 525 525 320 240 0.76513499 -0.041303623 0.64250064 0.18958743 0.96812153 -0.16353767 -0.61527377 0.24694787 0.74858922 1.1133769 -0.28755209 0.15465608
chess/seq-03/frame-000147 PINHOLE 640 480 525 525 320 240 0.77320379 -0.035129517 0.63314027 0.17808786 0.97028404 -0.16364874 -0.60858655 0.2392977 0.7564984 1.117262 -0.27799979 0.15356091
chess/seq-03/frame-000148 PINHOLE 640 480 525 525 320 240 0.78881943 -0.035479359 0.61355513 0.1689766 0.97235125 -0.16101828 -0.59088767 0.23069994 0.77301997 1.1186409 -0.2695286 0.15206885
chess/seq-03/frame-000149 PINHOLE 640 480 525 525 320 240 0.79755354 -0.027229274 0.60258728 0.15546231 0.97448581 -0.16172746 -0.58281845 0.22267495 0.78145313 1.1204566 -0.26053265 0.15199798
chess/seq-03/frame-000150 PINHOLE 640 480 525 525 320 240 0.80256718 -0.026076628 0.5959447 0.15087588 0.97540826 -0.16050583 -0.57711327 0.21873941 0.78678048 1.1201924 -0.25631562 0.15073538
chess/seq-03/frame-000151 PINHOLE 640 480 525 525 320 240 0.81296086 -0.029013811 0.58154684 0.14455315 0.9775216 -0.1533055 -0.56403583 0.20870464 0.79889673 1.1218688 -0.2493123 0.1509562
chess/seq-03/frame-000152 PINHOLE 640 480 525 525 320 240 0.82007188 -0.030286368 0.57140946 0.13954474 0.9790082 -0.1483804 -0.55492985 0.20142849 0.8070994 1.1212509 -0.24014801 0.1513031
chess/seq-03/frame-000153 PINHOLE 640 480 525 525 320 240 0.82504988 -0.0363959 0.56383681 0.1450953 0.97807938 -0.14917895 -0.54605681 0.20489889 0.81226116 1.1209052 -0.23205709 0.15258603
chess/seq-03/frame-000154 PINHOLE 640 480 525 525 320 240 0.83106625 -0.03427197 0.55506599 0.14277641 0.97776771 -0.15339875 -0.53747737 0.20674364 0.81749904 1.1211749 -0.22574823 0.15471613
chess/seq-03/frame-000155 PINHOLE 640 480 525 525 320 240 0.83290982 -0.027590729 0.55266976 0.13883282 0.97720456 -0.16044523 -0.53565365 0.210374 0.81776977 1.1218619 -0.22231546 0.15626201
chess/seq-03/frame-000156 PINHOLE 640 480 525 525 320 240 0.83403397 -0.029030781 0.55089772 0.1414025 0.97647643 -0.16261896 -0.53322655 0.21353698 0.81853557 1.1202477 -0.22266321 0.15591648
chess/seq-03/frame-000157 PINHOLE 640 480 525 525 320 240 0.83400995 -0.032460969 0.55074263 0.14537115 0.97589302 -0.16262116 -0.53219593 0.21569875 0.81863952 1.1193414 -0.22795752 0.15609284
chess/seq-03/frame-000158 PINHOLE 640 480 525 525 320 240 0.82902002 -0.03428809 0.5581162 0.15058205 0.97490865 -0.1637788 -0.53850579 0.21982729 0.813398 1.1200026 -0.23468992 0.15772706
chess/seq-03/frame-000159 PINHOLE 640 480 525 525 320 240 0.82121831 -0.034316014 0.5695315 0.16039206 0.97179615 -0.17271829 -0.54755098 0.23319718 0.80357665 1.1196227 -0.24329311 0.15843064
chess/seq-03/frame-000160 PINHOLE 640 480 525 525 320 240 0.81621808 -0.034087226 0.57668799 0.1660333 0.9699555 -0.17766288 -0.55331528 0.24077071 0.79737049 1.1204123 -0.24954027 0.15872501
chess/seq-03/frame-000161 PINHOLE 640 480 525 525 320 240 0.80719465 -0.03155895 0.58939272 0.17723565 0.9654206 -0.19103681 -0.56299287 0.25867522 0.78489113 1.1202465 -0.26331267 0.15910335
chess/seq-03/frame-000162 PINHOLE 640 480 525 525 320 240 0.79434484 -0.026827585 0.6068275 0.18558039 0.96194839 -0.20039923 -0.57837063 0.27181149 0.76911229 1.1211729 -0.27866754 0.15924264
chess/seq-03/frame-000163 PINHOLE 640 480 525 525 320 240 0.77759552 -0.018727314 0.62844068 0.19401015 0.95789737 -0.21151119 -0.59803128 0.28640443 0.74850434 1.1242388 -0.29579175 0.16082817
chess/seq-03/frame-000164 PINHOLE 640 480 525 525 320 240 0.76424426 -0.014151044 0.64472741 0.20603302 0.95269346 -0.22331548 -0.61107832 0.30351347 0.73102003 1.1250489 -0.31110716 0.161952
chess/seq-03/frame-000165 PINHOLE 640 480 525 525 320 240 0.75646859 -0.0073665897 0.65394485 0.21047421 0.94945252 -0.23277581 -0.6191861 0.31373703 0.71979517 1.1264244 -0.32014439 0.16344051
chess/seq-03/frame-000166 PINHOLE 640 480 525 525 320 240 0.73319036 0.012298495 0.67987025 0.22047904 0.94149321 -0.25480115 -0.64323854 0.33672622 0.68759513 1.1302392 -0.3381021 0.16683735
chess/seq-03/frame-000167 PINHOLE 640 480 525 525 320 240 0.71833485 0.015736768 0.69547832 0.24322468 0.9309395 -0.27228224 -0.6517446 0.36475927 0.66491115 1.1309639 -0.36202028 0.17085047
chess/seq-03/frame-000168 PINHOLE 640 480 525 525 320 240 0.70395094 0.017475283 0.70999306 0.26071233 0.9235183 -0.28122404 -0.66061789 0.38308418 0.6455676 1.1317061 -0.3856591 0.17431311
chess/seq-03/frame-000169 PINHOLE 640 480 525 525 320 240 0.69599104 0.022333965 0.71766293 0.27194771 0.91682506 -0.29226702 -0.66451061 0.39859465 0.63204002 1.1311646 -0.39997855 0.17646703
chess/seq-03/frame-000170 PINHOLE 640 480 525 525 320 240 0.67420655 0.020402776 0.73822176 0.29697514 0.90771669 -0.2963098 -0.67615372 0.41902059 0.60594076 1.136202 -0.43073052 0.18716514
chess/seq-03/frame-000171 PINHOLE 640 480 525 525 320 240 0.66649234 0.013372967 0.74535263 0.3150329 0.90109462 -0.29786867 -0.67562854 0.43335125 0.59637105 1.1363555 -0.4439978 0.19097765
chess/seq-03/frame-000172 PINHOLE 640 480 525 525 320 240 0.65902257 -0.0051043076 0.75206679 0.34775165 0.88870233 -0.29869664 -0.66685057 0.45839429 0.58746105 1.1299474 -0.47846842 0.19591719
chess/seq-03/frame-000173 PINHOLE 640 480 525 525 320 240 0.65747261 -0.020642161 0.75315636 0.37637693 0.87493634 -0.30458048 -0.65268821 0.48373863 0.58302683 1.1235013 -0.51100779 0.20178887
chess/seq-03/frame-000174 PINHOLE 640 480 525 525 320 240 0.65437192 -0.033065442 0.75541019 0.4015868 0.86166871 -0.31015655 -0.64066941 0.50633568 0.5771414 1.120526 -0.54131055 0.21055506
chess/seq-03/frame-000175 PINHOLE 640 480 525 525 320 240 0.65486461 -0.040499281 0.75462067 0.41625911 0.85273123 -0.31546724 -0.63072371 0.5207215 0.57529271 1.1170236 -0.55759722 0.21360414
chess/seq-03/frame-000176 PINHOLE 640 480 525 525 320 240 0.65583539 -0.053852502 0.75294077 0.44271529 0.83531469 -0.32587451 -0.61140418 0.54707438 0.57168102 1.107461 -0.59934843 0.22123443
chess/seq-03/frame-000177 PINHOLE 640 480 525 525 320 240 0.6526379 -0.060692083 0.75519532 0.45070532 0.83230376 -0.32260898 -0.6089828 0.55093342 0.57055801 1.1135832 -0.6148532 0.22850604
chess/seq-03/frame-000178 PINHOLE 640 480 525 525 320 240 0.65432191 -0.083372205 0.75156611 0.4740729 0.81952864 -0.32182151 -0.589109 0.56688827 0.57577103 1.113151 -0.65416002 0.23618478
chess/seq-03/frame-000179 PINHOLE 640 480 525 525 320 240 0.66094691 -0.11806283 0.74104661 0.49581984 0.80994987 -0.31318605 -0.56324399 0.57444143 0.59388316 1.1177853 -0.68953812 0.24208167
chess/seq-03/frame-000180 PINHOLE 640 480 525 525 320 240 0.66453075 -0.13686877 0.73457837 0.50802606 0.8036465 -0.30984399 -0.5479418 0.5791024 0.60359228 1.1160524 -0.71295983 0.24783994
chess/seq-03/frame-000181 PINHOLE 640 480 525 525 320 240 0.6640653 -0.15542701 0.73129958 0.52013469 0.79865605 -0.30257177 -0.53703713 0.58131832 0.61121458 1.1230599 -0.74668562 0.25351724
chess/seq-03/frame-000182 PINHOLE 640 480 525 525 320 240 0.65908247 -0.16405685 0.73391742 0.52946162 0.7942608 -0.29792842 -0.53405261 0.58495724 0.61035699 1.125807 -0.76551914 0.25762767
chess/seq-03/frame-000183 PINHOLE 640 480 525 525 320 240 0.64994276 -0.17791662 0.73882294 0.54321575 0.78863108 -0.28795615 -0.53143418 0.58851212 0.6092239 1.1321036 -0.80407184 0.26600707
chess/seq-03/frame-000184 PINHOLE 640 480 525 525 320 240 0.64703196 -0.18618131 0.73934114 0.54888892 0.78676945 -0.28223377 -0.5291518 0.58844757 0.61126965 1.1400459 -0.83714712 0.27581075
chess/seq-03/frame-000185 PINHOLE 640 480 525 525 320 240 0.64767027 -0.19469112 0.73658526 0.55197263 0.78629088 -0.27751362 -0.52514809 0.58632928 0.61673325 1.1471784 -0.8489756 0.28098696
chess/seq-03/frame-000186 PINHOLE 640 480 525 525 320 240 0.64838821 -0.21771632 0.72947341 0.56585181 0.77883172 -0.27050653 -0.50925028 0.58818418 0.62819272 1.1518406 -0.87671995 0.29232809
chess/seq-03/frame-000187 PINHOLE 640 480 525 525 320 240 0.64299554 -0.23429871 0.72910911 0.57596695 0.77539843 -0.25876695 -0.50472808 0.58634573 0.63353831 1.1622565 -0.90090019 0.30862364
chess/seq-03/frame-000188 PINHOLE 640 480 525 525 320 240 0.63972467 -0.23946063 0.73030818 0.57937181 0.77459133 -0.25352907 -0.504987 0.58532578 0.63427448 1.1658467 -0.91229701 0.31715864
chess/seq-03/frame-000189 PINHOLE 640 480 525 525 320 240 0.63959563 -0.2550742 0.72511625 0.58380467 0.77482903 -0.2423888 -0.50002068 0.57837385 0.64450365 1.1767411 -0.93066949 0.33381298
chess/seq-03/frame-000190 PINHOLE 640 480 525 525 320 240 0.63599068 -0.27833626 0.71971089 0.59430206 0.7715677 -0.2267791 -0.49219114 0.57197165 0.65613896 1.1818314 -0.947299 0.3528114
chess/seq-03/frame-000191 PINHOLE 640 480 525 525 320 240 0.62026727 -0.29352275 0.72735941 0.60559714 0.76852721 -0.20629659 -0.49844939 0.56846219 0.65446222 1.1888112 -0.96408123 0.37822765
chess/seq-03/frame-000192 PINHOLE 640 480 525 525 320 240 0.60903752 -0.29941058 0.73441494 0.61095166 0.76755953 -0.19372816 -0.50570965 0.56669599 0.65041131 1.1943139 -0.97019285 0.3926222
chess/seq-03/frame-000193 PINHOLE 640 480 525 525 320 240 0.58548099 -0.31894347 0.74526876 0.62690765 0.76098305 -0.16682801 -0.51393509 0.56490546 0.64550269 1.2004606 -0.98711348 0.42382687
chess/seq-03/frame-000194 PINHOLE 640 480 525 525 320 240 0.55723232 -0.33911484 0.7579127 0.63934851 0.75762278 -0.13107626 -0.52976906 0.55762625 0.63899815 1.2063669 -0.99940342 0.45634112
chess/seq-03/frame-000195 PINHOLE 640 480 525 525 320 240 0.5238598 -0.34906101 0.77695924 0.64676368 0.75656176 -0.096178904 -0.5542531 0.55290914 0.62210584 1.2130803 -1.0158002 0.49320501
chess/seq-03/frame-000196 PINHOLE 640 480 525 525 320 240 0.49591184 -0.36528102 0.7877686 0.65248805 0.7553395 -0.060506459 -0.57293916 0.54403114 0.61293685 1.2174634 -1.0274503 0.5257957
chess/seq-03/frame-000197 PINHOLE 640 480 525 525 320 240 0.46671602 -0.37401682 0.80138981 0.65571779 0.75437731 -0.029803205 -0.5934121 0.53941101 0.59734285 1.2230953 -1.0339501 0.55945265
chess/seq-03/frame-000198 PINHOLE 640 480 525 525 320 240 0.45127875 -0.37837052 0.80815905 0.65882468 0.75209063 -0.015769819 -0.60185087 0.53956765 0.5886957 1.2256191 -1.0365967 0.57553756
chess/seq-03/frame-000199 PINHOLE 640 480 525 525 320 240 0.4304131 -0.39066884 0.81367075 0.66533822 0.74647301 0.006456696 -0.60991496 0.53860307 0.58123213 1.2276528 -1.0407358 0.60706937
chess/seq-03/frame-000200 PINHOLE 640 480 525 525 320 240 0.41045243 -0.39701295 0.82088184 0.67179686 0.74036217 0.022162527 -0.61655825 0.54238516 0.57060891 1.2287185 -1.042745 0.63837945
chess/seq-03/frame-000201 PINHOLE 640 480 525 525 320 240 0.39473176 -0.41408053 0.82015944 0.68225849 0.72996354 0.040180828 -0.61533403 0.54371613 0.57066333 1.228556 -1.0418444 0.66736609
chess/seq-03/frame-000202 PINHOLE 640 480 525 525 320 240 0.38355827 -0.41433859 0.82531434 0.68142068 0.73014778 0.049876623 -0.62327695 0.54327184 0.56240666 1.2264148 -1.0361735 0.69720834
chess/seq-03/frame-000203 PINHOLE 640 480 525 525 320 240 0.3647438 -0.42537245 0.82822531 0.69382185 0.71735311 0.062875398 -0.62088495 0.55172372 0.55679637 1.2230968 -1.032495 0.7285223
chess/seq-03/frame-000204 PINHOLE 640 480 525 525 320 240 0.35726938 -0.4215019 0.83344555 0.69050997 0.72006071 0.068161413 -0.62887132 0.55116689 0.54832047 1.2183843 -1.0242547 0.75852525
chess/seq-03/frame-000205 PINHOLE 640 480 525 525 320 240 0.34116125 -0.40948316 0.8460905 0.68618304 0.7236582 0.073546179 -0.64240628 0.55549836 0.52787763 1.2124057 -1.0152224 0.78912282
