office/seq-02/frame-000000 PINHOLE 640 480 525 525 320 240 0.38941002 0.14291093 -0.90988082 -0.1881189 0.97938269 0.073315278 0.90161568 0.14261957 0.40827242 -0.6582703 -0.66375178 0.51635194
office/seq-02/frame-000001 PINHOLE 640 480 525 525 320 240 0.38570079 0.14578843 -0.91100353 -0.18996605 0.97880501 0.076209836 0.90282196 0.14366908 0.40522742 -0.65578794 -0.65971828 0.51951271
office/seq-02/frame-000002 PINHOLE 640 480 525 525 320 240 0.3848809 0.14553498 -0.91139066 -0.19020005 0.97877795 0.075972989 0.90312248 0.14410955 0.40440047 -0.65363938 -0.658584 0.52012742
office/seq-02/frame-000003 PINHOLE 640 480 525 525 320 240 0.38132533 0.14250429 -0.91336203 -0.19312705 0.97850233 0.072036698 0.90400916 0.14892913 0.4006559 -0.64958507 -0.66424084 0.52066356
office/seq-02/frame-000004 PINHOLE 640 480 525 525 320 240 0.38087583 0.14302917 -0.91346747 -0.19031715 0.97891217 0.073921435 0.90479416 0.14569721 0.40007165 -0.64634591 -0.66548151 0.51892281
office/seq-02/frame-000005 PINHOLE 640 480 525 525 320 240 0.37898284 0.14513353 -0.91392261 -0.18712924 0.97921777 0.07790333 0.90625274 0.14150114 0.39827225 -0.6441201 -0.66164601 0.52122337
office/seq-02/frame-000006 PINHOLE 640 480 525 525 320 240 0.3725616 0.14477073 -0.91661626 -0.19130793 0.97849816 0.076785631 0.90804094 0.14675222 0.39225337 -0.63691795 -0.66301543 0.52447301
office/seq-02/frame-000007 PINHOLE 640 480 525 525 320 240 0.37098128 0.14486867 -0.91724139 -0.1939626 0.97803503 0.076020569 0.90812469 0.14971206 0.39093864 -0.63257277 -0.66345781 0.52655274
office/seq-02/frame-000008 PINHOLE 640 480 525 525 320 240 0.37016109 0.14337172 -0.91780782 -0.19689348 0.97765601 0.073310569 0.90782863 0.15357745 0.39012611 -0.62896037 -0.66121882 0.52427095
office/seq-02/frame-000009 PINHOLE 640 480 525 525 320 240 0.35994658 0.14238377 -0.92201465 -0.20963836 0.97533274 0.068775535 0.90908152 0.16853823 0.38092366 -0.61855417 -0.66495657 0.52763182
office/seq-02/frame-000010 PINHOLE 640 480 525 525 320 240 0.35627204 0.14636584 -0.92281783 -0.21525234 0.97392267 0.071368039 0.90921688 0.17321651 0.37849382 -0.61250436 -0.6658392 0.53214729
office/seq-02/frame-000011 PINHOLE 640 480 525 525 320 240 0.35135618 0.14925238 -0.92423904 -0.22105546 0.97249997 0.073009074 0.90973723 0.17866029 0.37469375 -0.60570145 -0.6679005 0.53247744
office/seq-02/frame-000012 PINHOLE 640 480 525 525 320 240 0.3348825 0.15776335 -0.92892927 -0.22765511 0.97019869 0.082700841 0.91431117 0.18378498 0.36082482 -0.59270382 -0.66394037 0.54174644
office/seq-02/frame-000013 PINHOLE 640 480 525 525 320 240 0.32546154 0.16215974 -0.93151712 -0.2363476 0.9678387 0.085904583 0.91550672 0.1922079 0.3533268 -0.58542126 -0.66192454 0.54630131
office/seq-02/frame-000014 PINHOLE 640 480 525 525 320 240 0.31622854 0.16472459 -0.93424308 -0.24283282 0.96603107 0.088132918 0.91704386 0.1989996 0.34549361 -0.57682097 -0.66590106 0.55060393
office/seq-02/frame-000015 PINHOLE 640 480 525 525 320 240 0.3010807 0.15425 -0.94101119 -0.25121436 0.96477699 0.077767633 0.91988021 0.21298636 0.32923159 -0.55919003 -0.66391325 0.56232375
office/seq-02/frame-000016 PINHOLE 640 480 525 525 320 240 0.28947827 0.15223943 -0.94497097 -0.2567088 0.96342498 0.076572582 0.92208475 0.22042169 0.31797773 -0.54890525 -0.66534126 0.570265
office/seq-02/frame-000017 PINHOLE 640 480 525 525 320 240 0.27817857 0.15348886 -0.94815731 -0.26353785 0.96143866 0.078319006 0.92363495 0.22809422 0.30790752 -0.53837341 -0.66500467 0.57708108
office/seq-02/frame-000018 PINHOLE 640 480 525 525 320 240 0.26533872 0.15198432 -0.95207155 -0.26975363 0.9597367 0.078027762 0.92561591 0.23612681 0.29565924 -0.52730179 -0.66861141 0.58767056
office/seq-02/frame-000019 PINHOLE 640 480 525 525 320 240 0.23724511 0.15315187 -0.95927233 -0.27621657 0.95734453 0.084529966 0.93131918 0.24491866 0.26943356 -0.50213754 -0.67307532 0.60540134
office/seq-02/frame-000020 PINHOLE 640 480 525 525 320 240 0.22267516 0.14812258 -0.96354526 -0.27840734 0.95686483 0.082754873 0.93425959 0.24983685 0.25431329 -0.48860946 -0.67356747 0.61331707
office/seq-02/frame-000021 PINHOLE 640 480 525 525 320 240 0.21004179 0.14123534 -0.96740836 -0.28294674 0.95592189 0.078124762 0.93582016 0.25732198 0.24075025 -0.47544548 -0.67185253 0.62063986
office/seq-02/frame-000022 PINHOLE 640 480 525 525 320 240 0.18945029 0.12661009 -0.97366452 -0.30439869 0.95034188 0.064348318 0.93348038 0.28419834 0.2185867 -0.44756046 -0.6771571 0.64109969
office/seq-02/frame-000023 PINHOLE 640 480 525 525 320 240 0.1816715 0.12066017 -0.97589982 -0.3143737 0.94746065 0.05861998 0.93171889 0.29615495 0.21006301 -0.43156338 -0.67970258 0.64871496
office/seq-02/frame-000024 PINHOLE 640 480 525 525 320 240 0.1771059 0.11518738 -0.97739911 -0.32428813 0.94447088 0.052544527 0.92919648 0.30766049 0.20462915 -0.41737297 -0.6791206 0.65751696
office/seq-02/frame-000025 PINHOLE 640 480 525 525 320 240 0.17448734 0.10821354 -0.97866613 -0.33856207 0.93990779 0.043564539 0.92458898 0.32374567 0.20064278 -0.40150788 -0.68315816 0.66357416
office/seq-02/frame-000026 PINHOLE 640 480 525 525 320 240 0.17009813 0.10359417 -0.97993785 -0.35049513 0.93576247 0.03808422 0.92095298 0.33699358 0.19548438 -0.38498873 -0.69029129 0.67369461
office/seq-02/frame-000027 PINHOLE 640 480 525 525 320 240 0.16325733 0.10571517 -0.9808743 -0.36348295 0.93072218 0.039810751 0.91714865 0.35004023 0.19037655 -0.35462767 -0.6993432 0.6871348
office/seq-02/frame-000028 PINHOLE 640 480 525 525 320 240 0.16110635 0.10742699 -0.98104388 -0.36174947 0.93127537 0.042570062 0.91821378 0.34804222 0.18889967 -0.34069574 -0.70131183 0.69285822
office/seq-02/frame-000029 PINHOLE 640 480 525 525 320 240 0.1588992 0.10698286 -0.98145223 -0.35690522 0.93307966 0.043925423 0.92049104 0.34331408 0.18645199 -0.32914269 -0.6950826 0.70223582
office/seq-02/frame-000030 PINHOLE 640 480 525 525 320 240 0.16168877 0.1059054 -0.98111331 -0.35956073 0.93217665 0.041365974 0.91897029 0.34608987 0.18880561 -0.31764695 -0.69212931 0.70952713
office/seq-02/frame-000031 PINHOLE 640 480 525 525 320 240 0.16572852 0.10372301 -0.98067224 -0.3653357 0.93012685 0.036636222 0.91596794 0.35221151 0.19204599 -0.30432269 -0.6948489 0.71410155
office/seq-02/frame-000032 PINHOLE 640 480 525 525 320 240 0.16974962 0.10299467 -0.98006088 -0.36729288 0.92945379 0.034059141 0.91444767 0.35419661 0.19560741 -0.2906208 -0.69629598 0.7185179
office/seq-02/frame-000033 PINHOLE 640 480 525 525 320 240 0.17456667 0.10180274 -0.97933882 -0.36896837 0.92890412 0.030790629 0.91286498 0.35597888 0.19972154 -0.27991351 -0.69231433 0.72496384
office/seq-02/frame-000034 PINHOLE 640 480 525 525 320 240 0.17892466 0.10291567 -0.97843546 -0.37579483 0.92623049 0.028702643 0.90922928 0.36256441 0.20440464 -0.26601249 -0.69389838 0.72701693
office/seq-02/frame-000035 PINHOLE 640 480 525 525 320 240 0.18413052 0.1092984 -0.97677594 -0.37671527 0.92572844 0.032571293 0.90780789 0.36197808 0.21163338 -0.23841494 -0.70401031 0.73099101
office/seq-02/frame-000036 PINHOLE 640 480 525 525 320 240 0.19041771 0.10750445 -0.97576904 -0.36838207 0.92914695 0.030478513 0.9099282 0.35366103 0.21653301 -0.22731151 -0.69674182 0.73287117
office/seq-02/frame-000037 PINHOLE 640 480 525 525 320 240 0.19665471 0.10344059 -0.97497094 -0.36989939 0.92873579 0.023924381 0.9079839 0.35594523 0.22090723 -0.21461049 -0.69428349 0.73516136
office/seq-02/frame-000038 PINHOLE 640 480 525 525 320 240 0.20551895 0.10016697 -0.97348326 -0.37439993 0.92709517 0.016350636 0.90416819 0.36112076 0.22804259 -0.20149182 -0.6986959 0.73524582
office/seq-02/frame-000039 PINHOLE 640 480 525 525 320 240 0.21380562 0.096973158 -0.9720208 -0.37372652 0.92745346 0.010321094 0.9025237 0.36107233 0.23454079 -0.18796733 -0.70051897 0.73388284
office/seq-02/frame-000040 PINHOLE 640 480 525 525 320 240 0.22885452 0.086987495 -0.96953565 -0.36933574 0.92926019 -0.0038070804 0.90063858 0.35896456 0.2447978 -0.16090652 -0.69748896 0.7316879
office/seq-02/frame-000041 PINHOLE 640 480 525 525 320 240 0.23847805 0.085543089 -0.96734232 -0.37272516 0.92786145 -0.0098368283 0.8967371 0.36290786 0.25316364 -0.14805233 -0.69423348 0.7295692
office/seq-02/frame-000042 PINHOLE 640 480 525 525 320 240 0.24280792 0.085308358 -0.96628541 -0.38000175 0.92485392 -0.013837123 0.89251125 0.37055925 0.25698429 -0.13264145 -0.70296031 0.72481966
office/seq-02/frame-000043 PINHOLE 640 480 525 525 320 240 0.24530782 0.087063678 -0.96549714 -0.37731642 0.92597347 -0.012367676 0.89296663 0.36734101 0.26000431 -0.11740779 -0.71160561 0.72131407
office/seq-02/frame-000044 PINHOLE 640 480 525 525 320 240 0.25112045 0.088933967 -0.96383083 -0.3636401 0.9314698 -0.0087973038 0.89701563 0.35270575 0.26625645 -0.10488889 -0.70787394 0.71716136
office/seq-02/frame-000045 PINHOLE 640 480 525 525 320 240 0.25290015 0.086247183 -0.96360952 -0.35766089 0.93376654 -0.010293279 0.8989175 0.34725758 0.26700231 -0.092289954 -0.70389169 0.71218222
office/seq-02/frame-000046 PINHOLE 640 480 525 525 320 240 0.25091422 0.083450623 -0.96437454 -0.35814345 0.93355578 -0.012400198 0.89928168 0.34850484 0.26413509 -0.079363085 -0.70725977 0.70753241
office/seq-02/frame-000047 PINHOLE 640 480 525 525 320 240 0.25252548 0.084527865 -0.96386003 -0.35600778 0.93438584 -0.011329846 0.89967841 0.34601164 0.2660543 -0.065501913 -0.71333247 0.70222741
office/seq-02/frame-000048 PINHOLE 640 480 525 525 320 240 0.25626692 0.085233696 -0.9628098 -0.34874928 0.93713564 -0.0098652523 0.9014616 0.33831605 0.26988775 -0.052743956 -0.71450621 0.69618976
office/seq-02/frame-000049 PINHOLE 640 480 525 525 320 240 0.26674268 0.080693007 -0.96035266 -0.33902144 0.94062847 -0.015130185 0.90213329 0.32962444 0.27826822 -0.028317342 -0.71294767 0.68506676
office/seq-02/frame-000050 PINHOLE 640 480 525 525 320 240 0.27429169 0.076827988 -0.95854139 -0.34381926 0.93872195 -0.02314727 0.89804465 0.33592266 0.28390449 -0.015925756 -0.71343821 0.67903882
office/seq-02/frame-000051 PINHOLE 640 480 525 525 320 240 0.2814562 0.076985992 -0.95644945 -0.35073081 0.93603289 -0.027868591 0.89314181 0.34330878 0.29045966 -0.0023418833 -0.72101128 0.67150098
office/seq-02/frame-000052 PINHOLE 640 480 525 525 320 240 0.28588265 0.079156667 -0.95495814 -0.34752965 0.93727016 -0.026349304 0.89298713 0.33941767 0.29546472 0.010771642 -0.72688282 0.66302198
office/seq-02/frame-000053 PINHOLE 640 480 525 525 320 240 0.28764391 0.078138091 -0.95451301 -0.33664817 0.94128597 -0.024395123 0.89658266 0.32836053 0.29706642 0.02199853 -0.72747326 0.65698808
office/seq-02/frame-000054 PINHOLE 640 480 525 525 320 240 0.29069498 0.076211758 -0.95374405 -0.32869315 0.94408411 -0.024744716 0.89854807 0.32069051 0.29949716 0.032698605 -0.72465187 0.65224326
office/seq-02/frame-000055 PINHOLE 640 480 525 525 320 240 0.29560566 0.072035387 -0.95255834 -0.32959208 0.94358826 -0.030925738 0.89661437 0.32310584 0.30267882 0.044371121 -0.72363693 0.64600682
office/seq-02/frame-000056 PINHOLE 640 480 525 525 320 240 0.30118221 0.074863248 -0.95059127 -0.33007863 0.94343901 -0.030282114 0.89457726 0.32289869 0.30886441 0.069388345 -0.73038286 0.63536793
office/seq-02/frame-000057 PINHOLE 640 480 525 525 320 240 0.30651671 0.075203158 -0.94885761 -0.32585043 0.94490469 -0.030373182 0.89431524 0.31850398 0.31414077 0.08037658 -0.72814363 0.62782466
office/seq-02/frame-000058 PINHOLE 640 480 525 525 320 240 0.30575195 0.073003493 -0.94927591 -0.32324165 0.94576746 -0.031380218 0.89552283 0.31644854 0.31277466 0.090978533 -0.72605783 0.6242851
office/seq-02/frame-000059 PINHOLE 640 480 525 525 320 240 0.30318308 0.075566776 -0.94989896 -0.3277142 0.94428819 -0.029478518 0.89477038 0.32024133 0.3110632 0.1005983 -0.7254709 0.62169552
office/seq-02/frame-000060 PINHOLE 640 480 525 525 320 240 0.30464947 0.079651751 -0.94909567 -0.32803613 0.94427711 -0.026049796 0.89415401 0.31928232 0.31380913 0.11166199 -0.72664064 0.61816263
office/seq-02/frame-000061 PINHOLE 640 480 525 525 320 240 0.30630478 0.080741316 -0.94847065 -0.32538754 0.94523156 -0.024618104 0.89455628 0.31616965 0.31580812 0.12174192 -0.72264117 0.61331624
office/seq-02/frame-000062 PINHOLE 640 480 525 525 320 240 0.3037605 0.083265901 -0.94907045 -0.3283774 0.94425547 -0.022258457 0.89433116 0.31842306 0.31417716 0.13271005 -0.72191691 0.60925645
office/seq-02/frame-000063 PINHOLE 640 480 525 525 320 240 0.30072302 0.08853393 -0.94956088 -0.33051798 0.94362313 -0.016694829 0.89456886 0.31887606 0.31303829 0.14318627 -0.72369522 0.60734743
office/seq-02/frame-000064 PINHOLE 640 480 525 525 320 240 0.3016552 0.087438583 -0.94936663 -0.32635191 0.94507265 -0.016654242 0.89578378 0.31485999 0.31362888 0.15292321 -0.72284555 0.60414857
office/seq-02/frame-000065 PINHOLE 640 480 525 525 320 240 0.29987174 0.08179906 -0.95043367 -0.32056963 0.94699246 -0.019641269 0.89846653 0.31057847 0.31020552 0.16198783 -0.7212919 0.60183775
office/seq-02/frame-000066 PINHOLE 640 480 525 525 320 240 0.29557183 0.07854075 -0.9520539 -0.3291561 0.94393325 -0.024319079 0.89678514 0.32057115 0.3048591 0.18172273 -0.72285163 0.59853476
office/seq-02/frame-000067 PINHOLE 640 480 525 525 320 240 0.29210004 0.076835997 -0.95326382 -0.33334264 0.94241291 -0.026182907 0.89637619 0.32542044 0.30089834 0.19216514 -0.72557575 0.59592348
office/seq-02/frame-000068 PINHOLE 640 480 525 525 320 240 0.28580764 0.080731273 -0.95484775 -0.33599684 0.94160056 -0.020961363 0.89741296 0.32682574 0.29624876 0.20302097 -0.72844607 0.59560698
office/seq-02/frame-000069 PINHOLE 640 480 525 525 320 240 0.28145212 0.084889583 -0.95578027 -0.33794239 0.94100249 -0.015939193 0.89805853 0.32749388 0.29354158 0.21283786 -0.73078579 0.59580755
office/seq-02/frame-000070 PINHOLE 640 480 525 525 320 240 0.28021207 0.082914568 -0.95631766 -0.33381933 0.94247013 -0.016100056 0.89998609 0.32375783 0.29177666 0.22342801 -0.73226267 0.59519196
office/seq-02/frame-000071 PINHOLE 640 480 525 525 320 240 0.27735469 0.083094016 -0.95713466 -0.33335516 0.94265628 -0.014762392 0.90104264 0.32316929 0.28915653 0.23387755 -0.73416781 0.59656423
office/seq-02/frame-000072 PINHOLE 640 480 525 525 320 240 0.27678308 0.087557971 -0.95690209 -0.34236002 0.93944836 -0.013067555 0.89783609 0.33123118 0.29000643 0.24454415 -0.73820013 0.59781259
office/seq-02/frame-000073 PINHOLE 640 480 525 525 320 240 0.28023365 0.089278795 -0.95573789 -0.3556194 0.93444669 -0.016983073 0.89159012 0.34464788 0.29361942 0.25613824 -0.74190676 0.59933591
office/seq-02/frame-000074 PINHOLE 640 480 525 525 320 240 0.28328875 0.084365696 -0.95528328 -0.36389592 0.93105525 -0.025688326 0.88727456 0.35491097 0.29446465 0.2687169 -0.74676949 0.59946769
office/seq-02/frame-000075 PINHOLE 640 480 525 525 320 240 0.28018504 0.079748198 -0.95659429 -0.36268938 0.93144155 -0.028581034 0.8887527 0.35496461 0.28990647 0.28184092 -0.75433159 0.60045171
office/seq-02/frame-000076 PINHOLE 640 480 525 525 320 240 0.27736685 0.082328096 -0.95719671 -0.35515872 0.93450385 -0.022539133 0.89266926 0.34621823 0.28844664 0.29327667 -0.76018661 0.60532093
office/seq-02/frame-000077 PINHOLE 640 480 525 525 320 240 0.27985024 0.084012747 -0.95632684 -0.34321889 0.93905377 -0.017942054 0.89655608 0.33326018 0.29163599 0.30480972 -0.76432288 0.60656869
office/seq-02/frame-000078 PINHOLE 640 480 525 525 320 240 0.28055164 0.083635628 -0.95615441 -0.328578 0.94434565 -0.013808667 0.90180677 0.31805462 0.29242533 0.31628573 -0.76966113 0.61113757
office/seq-02/frame-000079 PINHOLE 640 480 525 525 320 240 0.28434193 0.081834808 -0.95519 -0.31255755 0.94979709 -0.011670814 0.90630317 0.30187932 0.29565206 0.32779881 -0.77497584 0.6144281
office/seq-02/frame-000080 PINHOLE 640 480 525 525 320 240 0.2841669 0.082738705 -0.95516413 -0.30081636 0.95362729 -0.0068901898 0.91032225 0.28929558 0.29588538 0.3384667 -0.7799018 0.61767226
office/seq-02/frame-000081 PINHOLE 640 480 525 525 320 240 0.28194788 0.086264983 -0.95550966 -0.28887942 0.95733494 0.0011872976 0.9148671 0.27570063 0.29484552 0.34933117 -0.7858575 0.621346
office/seq-02/frame-000082 PINHOLE 640 480 525 525 320 240 0.27930367 0.092123777 -0.95573914 -0.28005585 0.95989454 0.01068012 0.91841477 0.26468545 0.29390857 0.35873064 -0.78983045 0.62406087
office/seq-02/frame-000083 PINHOLE 640 480 525 525 320 240 0.27591041 0.094386861 -0.95650357 -0.28161922 0.95940232 0.013436656 0.91896212 0.2656706 0.29129696 0.3675631 -0.79282707 0.62686408
office/seq-02/frame-000084 PINHOLE 640 480 525 525 320 240 0.27190658 0.093889073 -0.95769835 -0.28781366 0.95757931 0.012161176 0.91823608 0.27234021 0.28740126 0.37682402 -0.80061716 0.63240826
office/seq-02/frame-000085 PINHOLE 640 480 525 525 320 240 0.27431631 0.091456622 -0.95724636 -0.28313133 0.95899385 0.010486024 0.91897458 0.26815808 0.28896859 0.38573542 -0.80985761 0.63907379
office/seq-02/frame-000086 PINHOLE 640 480 525 525 320 240 0.28239712 0.086783588 -0.95532966 -0.27341294 0.96184456 0.0065529207 0.91946948 0.25935683 0.29535681 0.39294878 -0.81193918 0.64256841
office/seq-02/frame-000087 PINHOLE 640 480 525 525 320 240 0.28769165 0.080189504 -0.9543255 -0.27157843 0.96238589 -0.0010045983 0.91837108 0.25947118 0.29865512 0.40012154 -0.81565613 0.64802098
office/seq-02/frame-000088 PINHOLE 640 480 525 525 320 240 0.29412395 0.078126706 -0.95253396 -0.27158335 0.9623723 -0.0049271774 0.91632968 0.2601496 0.30428183 0.4072929 -0.82304895 0.65235513
office/seq-02/frame-000089 PINHOLE 640 480 525 525 320 240 0.30158809 0.074944228 -0.95045328 -0.26442412 0.96434444 -0.0078659635 0.91599727 0.25370294 0.31065926 0.41331601 -0.82707268 0.65660262
office/seq-02/frame-000090 PINHOLE 640 480 525 525 320 240 0.30635861 0.072009392 -0.94915336 -0.25907284 0.96577221 -0.010352031 0.91594309 0.24907918 0.31453592 0.41909295 -0.82877636 0.65887451
office/seq-02/frame-000091 PINHOLE 640 480 525 525 320 240 0.30778357 0.06870845 -0.94893688 -0.26231042 0.96483332 -0.015221027 0.91454285 0.25360888 0.31499043 0.42385322 -0.83233833 0.66412866
office/seq-02/frame-000092 PINHOLE 640 480 525 525 320 240 0.30789682 0.062532485 -0.94932711 -0.26035988 0.96525609 -0.020862406 0.91506189 0.25359815 0.3134878 0.42876729 -0.84109592 0.66920877
office/seq-02/frame-000093 PINHOLE 640 480 525 525 320 240 0.3103106 0.061050318 -0.94863743 -0.24929018 0.96820772 -0.019237187 0.91732621 0.24246316 0.31567198 0.43298891 -0.84788549 0.6752525
office/seq-02/frame-000094 PINHOLE 640 480 525 525 320 240 0.31819257 0.062258609 -0.94594401 -0.24014629 0.97055954 -0.016901836 0.91706526 0.23255037 0.3237839 0.43661857 -0.84369493 0.68149465
office/seq-02/frame-000095 PINHOLE 640 480 525 525 320 240 0.32593134 0.061144881 -0.94337833 -0.24794161 0.96847433 -0.022891983 0.91226053 0.24137154 0.33082455 0.44005165 -0.84391934 0.68805677
office/seq-02/frame-000096 PINHOLE 640 480 525 525 320 240 0.33142495 0.054907139 -0.94184661 -0.25183067 0.96720415 -0.032232031 0.90921086 0.24787609 0.33439103 0.44450459 -0.85131371 0.69406992
office/seq-02/frame-000097 PINHOLE 640 480 525 525 320 240 0.33539408 0.058629178 -0.94021553 -0.24491961 0.96913886 -0.026936224 0.90964299 0.23931904 0.3394112 0.44863549 -0.86112922 0.69968808
office/seq-02/frame-000098 PINHOLE 640 480 525 525 320 240 0.34895927 0.064090177 -0.93490714 -0.23128796 0.97265655 -0.019652657 0.9081071 0.22309792 0.35424957 0.4525522 -0.86899549 0.70260376
office/seq-02/frame-000099 PINHOLE 640 480 525 525 320 240 0.36301583 0.061573368 -0.92970949 -0.21778129 0.97575378 -0.020413511 0.90593398 0.2098906 0.3676326 0.45380175 -0.86906236 0.70804393
office/seq-02/frame-000100 PINHOLE 640 480 525 525 320 240 0.3694514 0.055625096 -0.92754674 -0.21020491 0.9773044 -0.025118807 0.90512156 0.20426174 0.37276825 0.45486632 -0.87271374 0.71328288
office/seq-02/frame-000101 PINHOLE 640 480 525 525 320 240 0.37247598 0.059795637 -0.92607647 -0.20356058 0.97885412 -0.01867152 0.90540051 0.19547382 0.37678096 0.45551023 -0.88162726 0.71978945
office/seq-02/frame-000102 PINHOLE 640 480 525 525 320 240 0.3807717 0.065900214 -0.92228055 -0.19514722 0.98068768 -0.01049578 0.90380079 0.18398316 0.38628787 0.45505932 -0.88021362 0.72657609
office/seq-02/frame-000103 PINHOLE 640 480 525 525 320 240 0.38672927 0.068786584 -0.91958696 -0.19717988 0.98029029 -0.0095972065 0.90082514 0.18504179 0.3926799 0.45377192 -0.87753445 0.73402983
office/seq-02/frame-000104 PINHOLE 640 480 525 525 320 240 0.38870567 0.070040576 -0.91865844 -0.20480463 0.97869867 -0.012040548 0.89826965 0.19283217 0.39478007 0.45271266 -0.88374555 0.74154383
office/seq-02/frame-000105 PINHOLE 640 480 525 525 320 240 0.39212951 0.074387796 -0.91685969 -0.20646909 0.97838235 -0.0089260833 0.89639843 0.19280985 0.39902112 0.45137298 -0.88763827 0.74892896
office/seq-02/frame-000106 PINHOLE 640 480 525 525 320 240 0.39475602 0.076419704 -0.91556448 -0.20767164 0.97813654 -0.0078987023 0.89496666 0.19326133 0.40200537 0.44766843 -0.89144421 0.75787264
office/seq-02/frame-000107 PINHOLE 640 480 525 525 320 240 0.39284205 0.077701069 -0.91627944 -0.20449986 0.97882527 -0.004672647 0.89653772 0.18922105 0.4004235 0.44387111 -0.89387333 0.76733971
office/seq-02/frame-000108 PINHOLE 640 480 525 525 320 240 0.38701519 0.075890981 -0.91890705 -0.20326068 0.97908294 -0.0047474448 0.89934933 0.18862145 0.39435539 0.43950921 -0.89219636 0.77604759
office/seq-02/frame-000109 PINHOLE 640 480 525 525 320 240 0.37636855 0.072188139 -0.92361563 -0.20355207 0.97901267 -0.0064296676 0.90379095 0.19043028 0.38317317 0.43347487 -0.89703381 0.78669041
office/seq-02/frame-000110 PINHOLE 640 480 525 525 320 240 0.35752517 0.073494293 -0.93096983 -0.19480348 0.98080844 0.0026162593 0.91331941 0.180427 0.36498964 0.42300761 -0.90220904 0.80939096
office/seq-02/frame-000111 PINHOLE 640 480 525 525 320 240 0.34745511 0.069174536 -0.93510443 -0.19517952 0.98073715 2.662083e-05 0.9171176 0.18251026 0.35427228 0.41607293 -0.89891976 0.82311118
office/seq-02/frame-000112 PINHOLE 640 480 525 525 320 240 0.32894018 0.063803591 -0.94215602 -0.20036571 0.97968388 -0.0036108505 0.92280889 0.18996997 0.33504972 0.40976685 -0.8986339 0.83683228
office/seq-02/frame-000113 PINHOLE 640 480 525 525 320 240 0.30845058 0.064186729 -0.94903558 -0.21039136 0.97758389 -0.0022638242 0.92764097 0.20037393 0.3150484 0.40406328 -0.90333265 0.85154337
office/seq-02/frame-000114 PINHOLE 640 480 525 525 320 240 0.29203126 0.066634305 -0.95404816 -0.21541974 0.97648811 0.0022611571 0.93179178 0.20486736 0.29952678 0.39815003 -0.91185522 0.86710048
office/seq-02/frame-000115 PINHOLE 640 480 525 525 320 240 0.27903354 0.067383967 -0.95787793 -0.20856047 0.97794557 0.0080401022 0.93731874 0.19753864 0.28694037 0.39169189 -0.91459942 0.88189894
office/seq-02/frame-000116 PINHOLE 640 480 525 525 320 240 0.26279408 0.071634591 -0.96215284 -0.20550537 0.97848231 0.016719302 0.9426719 0.19334036 0.27186736 0.38388839 -0.9114157 0.8991558
office/seq-02/frame-000117 PINHOLE 640 480 525 525 320 240 0.24405214 0.076608658 -0.96669531 -0.21243973 0.97685361 0.023780031 0.94616663 0.19956765 0.25468427 0.37691671 -0.91534263 0.91720349
office/seq-02/frame-000118 PINHOLE 640 480 525 525 320 240 0.23012133 0.077902675 -0.97000283 -0.21412042 0.97638577 0.02761679 0.94927341 0.20134892 0.24137367 0.36997098 -0.92089218 0.93397862
office/seq-02/frame-000119 PINHOLE 640 480 525 525 320 240 0.21793115 0.07681299 -0.97290069 -0.2146454 0.97623044 0.028993974 0.95202762 0.20251673 0.22924422 0.36225259 -0.91775352 0.94933528
office/seq-02/frame-000120 PINHOLE 640 480 525 525 320 240 0.19716161 0.079448752 -0.97711068 -0.22866228 0.97291613 0.032967146 0.95329112 0.21693565 0.20999378 0.35408092 -0.91780019 0.96627325
office/seq-02/frame-000121 PINHOLE 640 480 525 525 320 240 0.17559883 0.082921736 -0.98092771 -0.24274515 0.96929514 0.038482815 0.95402467 0.23136547 0.19034053 0.34700108 -0.92652363 0.98234934
office/seq-02/frame-000122 PINHOLE 640 480 525 525 320 240 0.16375031 0.084699683 -0.98282337 -0.24354398 0.96890825 0.042922061 0.9559263 0.23233987 0.17929143 0.34003213 -0.93218189 0.99665439
office/seq-02/frame-000123 PINHOLE 640 480 525 525 320 240 0.15160154 0.089341618 -0.98436016 -0.24733713 0.96762109 0.049728896 0.95695579 0.23593761 0.16879438 0.33190313 -0.93060744 1.0082359
office/seq-02/frame-000124 PINHOLE 640 480 525 525 320 240 0.12983394 0.090576425 -0.98735458 -0.25989103 0.96408039 0.054265503 0.95682955 0.24956721 0.1487139 0.32363966 -0.93236077 1.0228233
office/seq-02/frame-000125 PINHOLE 640 480 525 525 320 240 0.10852448 0.086139932 -0.99031925 -0.27128106 0.96096045 0.053856812 0.95632201 0.2628186 0.12765889 0.31616071 -0.93745577 1.0367056
office/seq-02/frame-000126 PINHOLE 640 480 525 525 320 240 0.090143763 0.080574147 -0.99262875 -0.27407223 0.96021277 0.053052507 0.95743465 0.26727819 0.10864286 0.30898559 -0.94262713 1.048974
office/seq-02/frame-000127 PINHOLE 640 480 525 525 320 240 0.075081006 0.078351371 -0.99405921 -0.27022567 0.96117276 0.055348225 0.9598248 0.26447326 0.093340509 0.3015646 -0.94609964 1.060285
office/seq-02/frame-000128 PINHOLE 640 480 525 525 320 240 0.055454016 0.077611774 -0.9954049 -0.26677787 0.9618482 0.060132179 0.96212125 0.26222593 0.07404507 0.2938602 -0.94593173 1.0738194
office/seq-02/frame-000129 PINHOLE 640 480 525 525 320 240 0.032634009 0.076252997 -0.99651891 -0.26807562 0.96118581 0.064769417 0.96280485 0.2650373 0.051809952 0.2856361 -0.94716775 1.0851649
office/seq-02/frame-000130 PINHOLE 640 480 525 525 320 240 0.009016159 0.073466666 -0.99722147 -0.26572147 0.9615851 0.068437859 0.96396744 0.2643747 0.028191872 0.2773366 -0.94988823 1.097181
office/seq-02/frame-000131 PINHOLE 640 480 525 525 320 240 -0.013207653 0.072485372 -0.99724668 -0.26482368 0.96146739 0.073391154 0.9641661 0.26507238 0.0064969254 0.2685563 -0.9491747 1.1060125
office/seq-02/frame-000132 PINHOLE 640 480 525 525 320 240 -0.035363499 0.069787055 -0.99689955 -0.27078366 0.9595409 0.076776505 0.96195006 0.272668 -0.015036304 0.25947452 -0.94808006 1.1141776
office/seq-02/frame-000133 PINHOLE 640 480 525 525 320 240 -0.054894827 0.065221854 -0.99632424 -0.27450949 0.95839399 0.077862643 0.95997572 0.27778375 -0.034708168 0.25050405 -0.95148844 1.1199386
office/seq-02/frame-000134 PINHOLE 640 480 525 525 320 240 -0.076229036 0.06260591 -0.99508727 -0.27413678 0.95821613 0.081285581 0.95862401 0.27899545 -0.055883206 0.24051526 -0.94989496 1.126744
office/seq-02/frame-000135 PINHOLE 640 480 525 525 320 240 -0.097417273 0.062717937 -0.99322951 -0.27763999 0.9566462 0.087638199 0.95569205 0.284307 -0.075783297 0.23174559 -0.95074403 1.1328877
office/seq-02/frame-000136 PINHOLE 640 480 525 525 320 240 -0.11239693 0.064132407 -0.99155551 -0.27487874 0.95693225 0.093050726 0.95484543 0.2830255 -0.08993046 0.22230697 -0.95058012 1.139956
office/seq-02/frame-000137 PINHOLE 640 480 525 525 320 240 -0.12824793 0.067647263 -0.9893961 -0.27433559 0.95628798 0.10094269 0.95300263 0.28438169 -0.10408715 0.21301951 -0.94844776 1.1465136
office/seq-02/frame-000138 PINHOLE 640 480 525 525 320 240 -0.14729087 0.070688307 -0.98652762 -0.27580649 0.95491076 0.10960045 0.94981974 0.28824338 -0.12115706 0.20412955 -0.94857383 1.1544616
office/seq-02/frame-000139 PINHOLE 640 480 525 525 320 240 -0.16380586 0.072763085 -0.98376888 -0.27512953 0.95430207 0.11639403 0.94730818 0.28973949 -0.13630508 0.19595276 -0.94826347 1.1626381
office/seq-02/frame-000140 PINHOLE 640 480 525 525 320 240 -0.17772818 0.073963866 -0.98125935 -0.27491319 0.95370489 0.1216789 0.9448579 0.29139653 -0.14917107 0.1877446 -0.94711024 1.1693184
office/seq-02/frame-000141 PINHOLE 640 480 525 525 320 240 -0.19333254 0.077520192 -0.97802907 -0.27766049 0.9517647 0.13032417 0.94098258 0.29676577 -0.16248767 0.17948756 -0.94511342 1.1779066
office/seq-02/frame-000142 PINHOLE 640 480 525 525 320 240 -0.20661859 0.081985876 -0.97494334 -0.28529572 0.94809735 0.14018974 0.93586117 0.30712312 -0.17250952 0.17190124 -0.94414175 1.1884242
office/seq-02/frame-000143 PINHOLE 640 480 525 525 320 240 -0.21447463 0.088221736 -0.97269976 -0.29571283 0.94327199 0.15075475 0.93084651 0.31998345 -0.17622492 0.16432823 -0.94391817 1.1979293
office/seq-02/frame-000144 PINHOLE 640 480 525 525 320 240 -0.22159725 0.099367015 -0.97002476 -0.30319217 0.93843216 0.16539252 0.926763 0.33076528 -0.17783202 0.15561992 -0.94315565 1.2028033
office/seq-02/frame-000145 PINHOLE 640 480 525 525 320 240 -0.23424953 0.10731093 -0.96619803 -0.30335087 0.93616229 0.1775199 0.92359382 0.33469197 -0.18674834 0.14699982 -0.94394761 1.2090374
office/seq-02/frame-000146 PINHOLE 640 480 525 525 320 240 -0.24573581 0.10737134 -0.96333396 -0.30275548 0.93559003 0.18150775 0.92080021 0.33626866 -0.19740663 0.13775069 -0.94291753 1.2162914
office/seq-02/frame-000147 PINHOLE 640 480 525 525 320 240 -0.25478801 0.10421696 -0.9613266 -0.30280331 0.93554205 0.18167515 0.91832095 0.33739269 -0.20681392 0.12906243 -0.94313496 1.2220124
office/seq-02/frame-000148 PINHOLE 640 480 525 525 320 240 -0.26678324 0.10525841 -0.95795304 -0.30485213 0.93372649 0.1874948 0.91422737 0.34206593 -0.21702093 0.12157601 -0.9432252 1.2335238
office/seq-02/frame-000149 PINHOLE 640 480 525 525 320 240 -0.27415806 0.1114554 -0.95516574 -0.31678212 0.9273243 0.19913076 0.90796816 0.35718459 -0.21893299 0.11442219 -0.94497734 1.2410744
office/seq-02/frame-000150 PINHOLE 640 480 525 525 320 240 -0.28017768 0.1186152 -0.95255309 -0.32629967 0.92144525 0.21071629 0.90274525 0.36986801 -0.21947092 0.10599525 -0.94451672 1.2480868
office/seq-02/frame-000151 PINHOLE 640 480 525 525 320 240 -0.28428939 0.12428644 -0.95060962 -0.33189544 0.91745698 0.21920769 0.89941365 0.37783378 -0.21957982 0.098128714 -0.94419444 1.255827
office/seq-02/frame-000152 PINHOLE 640 480 525 525 320 240 -0.2835179 0.13113105 -0.94992012 -0.33834231 0.91318655 0.22704268 0.89725226 0.38578144 -0.21454412 0.090260856 -0.94246805 1.2632459
office/seq-02/frame-000153 PINHOLE 640 480 525 525 320 240 -0.28402904 0.13641387 -0.94902295 -0.34694901 0.90809256 0.23436654 0.8937971 0.39584231 -0.21060251 0.082956195 -0.94290018 1.2687637
office/seq-02/frame-000154 PINHOLE 640 480 525 525 320 240 -0.28577727 0.13811731 -0.94825125 -0.35199228 0.90522045 0.23792976 0.89126408 0.40178517 -0.21008164 0.074536905 -0.941558 1.2761257
office/seq-02/frame-000155 PINHOLE 640 480 525 525 320 240 -0.2815817 0.13877727 -0.94940925 -0.35534579 0.90401393 0.23753157 0.89126861 0.40426627 -0.20524622 0.06596712 -0.93785954 1.2856969
office/seq-02/frame-000156 PINHOLE 640 480 525 525 320 240 -0.27802122 0.14099048 -0.95013207 -0.36029157 0.90160906 0.23921534 0.89040023 0.40884486 -0.199875 0.058218557 -0.93610477 1.2941587
office/seq-02/frame-000157 PINHOLE 640 480 525 525 320 240 -0.27802023 0.14291114 -0.94984543 -0.36561432 0.89865816 0.24222432 0.88822818 0.4146339 -0.19760093 0.050988473 -0.93198669 1.3039687
office/seq-02/frame-000158 PINHOLE 640 480 525 525 320 240 -0.2777907 0.14440595 -0.94968641 -0.37361994 0.89452058 0.24530356 0.88496262 0.42297852 -0.19454257 0.043141615 -0.92906934 1.3110582
office/seq-02/frame-000159 PINHOLE 640 480 525 525 320 240 -0.2764293 0.1424422 -0.95037997 -0.37985089 0.89219391 0.24420464 0.88273352 0.42852187 -0.1925277 0.035869986 -0.92630762 1.320513
office/seq-02/frame-000160 PINHOLE 640 480 525 525 320 240 -0.27485356 0.13898835 -0.95134795 -0.38600555 0.89026362 0.24158411 0.88055283 0.43363979 -0.19104774 0.028780211 -0.92124945 1.3293372
office/seq-02/frame-000161 PINHOLE 640 480 525 525 320 240 -0.27176806 0.14149347 -0.95186484 -0.39396045 0.88605791 0.24419066 0.87798363 0.44137457 -0.18506514 0.021537095 -0.91765857 1.3365698
office/seq-02/frame-000162 PINHOLE 640 480 525 525 320 240 -0.26629958 0.1442228 -0.95300001 -0.40104961 0.88247639 0.24561569 0.87644815 0.44762212 -0.17716813 0.013675372 -0.9137156 1.3442278
office/seq-02/frame-000163 PINHOLE 640 480 525 525 320 240 -0.25855786 0.14285468 -0.95533502 -0.40831715 0.88010788 0.24211441 0.87540996 0.45269483 -0.16923417 0.0071017118 -0.91309804 1.3562714
office/seq-02/frame-000164 PINHOLE 640 480 525 525 320 240 -0.2352487 0.14429039 -0.96112579 -0.41228798 0.88068312 0.23312615 0.88011014 0.45111775 -0.14769514 -0.010217079 -0.9092356 1.3630384
office/seq-02/frame-000165 PINHOLE 640 480 525 525 320 240 -0.21485321 0.14991686 -0.96503222 -0.41436076 0.88077235 0.22907898 0.88434178 0.44910434 -0.12712124 -0.018513003 -0.9123472 1.3678216
office/seq-02/frame-000166 PINHOLE 640 480 525 525 320 240 -0.19168009 0.15582597 -0.96896893 -0.4112801 0.88365394 0.223464 0.89108044 0.44136554 -0.10529429 -0.027566718 -0.91508359 1.3735354
office/seq-02/frame-000167 PINHOLE 640 480 525 525 320 240 -0.1657172 0.1630258 -0.97256589 -0.40357485 0.88862646 0.21772055 0.8997677 0.42859697 -0.08147046 -0.039441746 -0.9132145 1.374194
office/seq-02/frame-000168 PINHOLE 640 480 525 525 320 240 -0.1391836 0.16568717 -0.97626799 -0.39957583 0.89264488 0.20846058 0.90602612 0.41912112 -0.058039125 -0.050951138 -0.91191518 1.374248
office/seq-02/frame-000169 PINHOLE 640 480 525 525 320 240 -0.11845381 0.16626216 -0.97890192 -0.39525393 0.89647615 0.2000901 0.91085625 0.41062984 -0.040476922 -0.061011449 -0.91490835 1.3745577
office/seq-02/frame-000170 PINHOLE 640 480 525 525 320 240 -0.10026583 0.16530196 -0.98109388 -0.38500139 0.90280092 0.19145609 0.91740751 0.39693221 -0.026879886 -0.07307817 -0.91367298 1.3747351
office/seq-02/frame-000171 PINHOLE 640 480 525 525 320 240 -0.085132621 0.16275297 -0.98294795 -0.37552744 0.90853572 0.18295543 0.92284739 0.38471231 -0.016228799 -0.08480639 -0.91374576 1.377373
office/seq-02/frame-000172 PINHOLE 640 480 525 525 320 240 -0.075546898 0.15708251 -0.98465246 -0.3681204 0.913324 0.17394637 0.92665833 0.37562448 -0.011174339 -0.095869027 -0.9150632 1.3837622
office/seq-02/frame-000173 PINHOLE 640 480 525 525 320 240 -0.067927413 0.15587096 -0.98539966 -0.36340207 0.91596425 0.16993746 0.92910713 0.36965224 -0.0055759326 -0.10678928 -0.91645736 1.3876418
office/seq-02/frame-000174 PINHOLE 640 480 525 525 320 240 -0.056479264 0.1555173 -0.9861778 -0.36052343 0.91793001 0.16540144 0.93099314 0.36489448 0.0042232256 -0.11733276 -0.92014289 1.3889709
office/seq-02/frame-000175 PINHOLE 640 480 525 525 320 240 -0.0272996 0.14943719 -0.98835474 -0.3488678 0.92513078 0.14951317 0.93672884 0.34889886 0.026878407 -0.13909516 -0.92322254 1.3910923
office/seq-02/frame-000176 PINHOLE 640 480 525 525 320 240 -0.014179278 0.14502226 -0.98928702 -0.3462972 0.92744243 0.14091885 0.93797207 0.34459749 0.03707093 -0.14753653 -0.93042582 1.3940493
office/seq-02/frame-000177 PINHOLE 640 480 525 525 320 240 0.0052226181 0.13962066 -0.99015152 -0.33507419 0.93316746 0.12981725 0.9421317 0.33110777 0.051657915 -0.15777749 -0.93531901 1.394335
office/seq-02/frame-000178 PINHOLE 640 480 525 525 320 240 0.026085237 0.13321874 -0.99070328 -0.3186585 0.94044912 0.11807004 0.947465 0.31262723 0.066984646 -0.16774298 -0.93864399 1.3979661
office/seq-02/frame-000179 PINHOLE 640 480 525 525 320 240 0.043085776 0.12951291 -0.99060106 -0.30827892 0.94486243 0.11012374 0.95027417 0.30064735 0.0806382 -0.17675729 -0.94429302 1.3987412
office/seq-02/frame-000180 PINHOLE 640 480 525 525 320 240 0.059330996 0.12534495 -0.9902972 -0.29754081 0.94917303 0.10231259 0.95281804 0.28859398 0.093613029 -0.18805842 -0.94851166 1.399829
office/seq-02/frame-000181 PINHOLE 640 480 525 525 320 240 0.074907541 0.12315033 -0.98951644 -0.29047224 0.95196837 0.096487395 0.95390129 0.28020963 0.1070842 -0.19762038 -0.95305842 1.4004296
office/seq-02/frame-000182 PINHOLE 640 480 525 525 320 240 0.10258292 0.12440577 -0.98687369 -0.27149221 0.95794386 0.09253715 0.95691246 0.25844526 0.1320475 -0.21736363 -0.95955074 1.3963501
office/seq-02/frame-000183 PINHOLE 640 480 525 525 320 240 0.10969222 0.11954188 -0.98671019 -0.26005104 0.96157664 0.087586321 0.95929849 0.24699657 0.13656819 -0.22780912 -0.96119618 1.3977026
office/seq-02/frame-000184 PINHOLE 640 480 525 525 320 240 0.11827564 0.11971524 -0.98569691 -0.25052747 0.96415132 0.087036401 0.96081161 0.23665875 0.14403157 -0.23789059 -0.96673107 1.397624
office/seq-02/frame-000185 PINHOLE 640 480 525 525 320 240 0.12432549 0.12097699 -0.98479789 -0.239498 0.96681434 0.088531628 0.96285808 0.22485898 0.14917758 -0.247743 -0.97108763 1.3975077
office/seq-02/frame-000186 PINHOLE 640 480 525 525 320 240 0.13440515 0.11937447 -0.98366874 -0.22052619 0.97138822 0.087751351 0.9660306 0.20513846 0.15688916 -0.2660158 -0.97983372 1.3914788
office/seq-02/frame-000187 PINHOLE 640 480 525 525 320 240 0.14432323 0.11767346 -0.98246777 -0.2086383 0.97416437 0.086029373 0.9672398 0.19257194 0.1651504 -0.27492106 -0.98281783 1.3904583
office/seq-02/frame-000188 PINHOLE 640 480 525 525 320 240 0.15391222 0.11565652 -0.98125106 -0.19485162 0.97713935 0.084607959 0.96863592 0.17818326 0.17293444 -0.28342113 -0.98377067 1.3868054
office/seq-02/frame-000189 PINHOLE 640 480 525 525 320 240 0.16675396 0.11548818 -0.97917026 -0.18500881 0.97910529 0.083972409 0.96844012 0.16715917 0.18464135 -0.29193279 -0.98660284 1.3816392
office/seq-02/frame-000190 PINHOLE 640 480 525 525 320 240 0.19084826 0.1009711 -0.97637105 -0.15947232 0.98463356 0.070653141 0.96853334 0.14222607 0.20402364 -0.30859751 -0.99002165 1.3701206
office/seq-02/frame-000191 PINHOLE 640 480 525 525 320 240 0.200233 0.099464871 -0.97464454 -0.14570746 0.98675615 0.070765577 0.96880728 0.12784886 0.21208017 -0.31643838 -0.99264008 1.3638561
office/seq-02/frame-000192 PINHOLE 640 480 525 525 320 240 0.21015024 0.095005326 -0.97300017 -0.13219984 0.98885053 0.067999348 0.96864408 0.11434545 0.22037339 -0.32473347 -0.99362385 1.3577327
office/seq-02/frame-000193 PINHOLE 640 480 525 525 320 240 0.21668926 0.088961042 -0.9721368 -0.12074729 0.99059784 0.063734978 0.96869868 0.10357694 0.2254004 -0.33325055 -0.99666351 1.3517362
office/seq-02/frame-000194 PINHOLE 640 480 525 525 320 240 0.23354106 0.0899546 -0.9681347 -0.10302224 0.99235868 0.067352675 0.96682775 0.084013902 0.24103113 -0.3505061 -1.002555 1.335515
office/seq-02/frame-000195 PINHOLE 640 480 525 525 320 240 0.2464782 0.089630924 -0.96495217 -0.095438272 0.99308181 0.067865051 0.96439153 0.075369917 0.25333494 -0.35886452 -1.0052958 1.3271919
office/seq-02/frame-000196 PINHOLE 640 480 525 525 320 240 0.25963721 0.082058601 -0.96217078 -0.087516651 0.99424529 0.06117722 0.96168613 0.068325661 0.26533264 -0.3684555 -1.007846 1.3193065
office/seq-02/frame-000197 PINHOLE 640 480 525 525 320 240 0.27243391 0.076367781 -0.95909613 -0.081901573 0.99503058 0.055963773 0.95863587 0.063308463 0.27734318 -0.37734464 -1.0096589 1.3112018
office/seq-02/frame-000198 PINHOLE 640 480 525 525 320 240 0.30351588 0.066668242 -0.95044768 -0.068989746 0.99643123 0.047861621 0.95027852 0.051047392 0.30704162 -0.39552742 -1.0140138 1.2918123
office/seq-02/frame-000199 PINHOLE 640 480 525 525 320 240 0.3158575 0.062117364 -0.94672728 -0.061698206 0.99704993 0.044833813 0.9467513 0.044253059 0.31876814 -0.40598449 -1.0123274 1.2873281
office/seq-02/frame-000200 PINHOLE 640 480 525 525 320 240 0.32995453 0.063366897 -0.94182336 -0.063224971 0.99694997 0.044924963 0.94182956 0.044726383 0.33296505 -0.41530415 -1.0117364 1.2805443
office/seq-02/frame-000201 PINHOLE 640 480 525 525 320 240 0.35890386 0.059018873 -0.93146187 -0.058644004 0.99741524 0.040600576 0.9314822 0.04005561 0.36144888 -0.43266863 -1.0083485 1.2639914
office/seq-02/frame-000202 PINHOLE 640 480 525 525 320 240 0.37128732 0.061367016 -0.92644274 -0.060915206 0.99723613 0.04164261 0.92646939 0.040975779 0.37401128 -0.44292775 -1.0029706 1.2587864
office/seq-02/frame-000203 PINHOLE 640 480 525 525 320 240 0.38979247 0.061745346 -0.91878486 -0.064967796 0.99706972 0.039442968 0.91855943 0.044319686 0.39267427 -0.45143688 -0.99913788 1.2489028
