heads/seq-01/frame-000000 PINHOLE 640 480 525 525 320 240 0.93124521 0.074632928 0.35591775 0.017166864 0.9683845 -0.24801806 -0.36325571 0.23717017 0.9007082 -0.14959294 -0.13273862 0.18034773
heads/seq-01/frame-000001 PINHOLE 640 480 525 525 320 240 0.93075085 0.076722316 0.35676569 0.016080184 0.96786028 -0.25012836 -0.36457023 0.23863889 0.89978862 -0.14914335 -0.13233277 0.18095869
heads/seq-01/frame-000002 PINHOLE 640 480 525 525 320 240 0.93073839 0.080648944 0.35593092 0.013119628 0.96703684 -0.25346363 -0.36472052 0.24067326 0.89918554 -0.15059884 -0.13192463 0.18137115
heads/seq-01/frame-000003 PINHOLE 640 480 525 525 320 240 0.93030095 0.082857393 0.35656628 0.012241654 0.96624452 -0.25651053 -0.36586499 0.24309278 0.89806896 -0.15167023 -0.13111041 0.18225792
heads/seq-01/frame-000004 PINHOLE 640 480 525 525 320 240 0.93030584 0.083723046 0.35635114 0.012821821 0.96522629 -0.26028809 -0.36583254 0.24681321 0.89706677 -0.15346083 -0.13073872 0.18325832
heads/seq-01/frame-000005 PINHOLE 640 480 525 525 320 240 0.93127352 0.083977371 0.35375404 0.013047546 0.96439886 -0.26332587 -0.36335376 0.24994132 0.89720803 -0.15516429 -0.13032234 0.18481624
heads/seq-01/frame-000006 PINHOLE 640 480 525 525 320 240 0.93276757 0.084545344 0.349659 0.012549814 0.96353447 -0.26649532 -0.35951892 0.25306424 0.89787722 -0.15844579 -0.13028458 0.18622206
heads/seq-01/frame-000007 PINHOLE 640 480 525 525 320 240 0.9332127 0.086619288 0.34795955 0.011130827 0.96270365 -0.26954341 -0.35840887 0.25551274 0.89762741 -0.16154297 -0.13073772 0.18796261
heads/seq-01/frame-000008 PINHOLE 640 480 525 525 320 240 0.93290269 0.092061035 0.34739316 0.0066406485 0.96183717 -0.27276555 -0.35932633 0.25686923 0.89687324 -0.1654276 -0.13113885 0.1900157
heads/seq-01/frame-000009 PINHOLE 640 480 525 525 320 240 0.93289834 0.098338462 0.34567994 0.00076329155 0.96107829 -0.27550659 -0.35939825 0.25738221 0.89669716 -0.16953716 -0.13213675 0.19233768
heads/seq-01/frame-000010 PINHOLE 640 480 525 525 320 240 0.93458849 0.10166406 0.34010735 -0.0047900728 0.96142185 -0.27426448 -0.35494867 0.25479349 0.89920527 -0.17478709 -0.13215853 0.19481143
heads/seq-01/frame-000011 PINHOLE 640 480 525 525 320 240 0.93760914 0.10260354 0.33139956 -0.0086524542 0.96166897 -0.27330178 -0.34681597 0.2534807 0.9027428 -0.17973657 -0.13206647 0.19833639
heads/seq-01/frame-000012 PINHOLE 640 480 525 525 320 240 0.94065511 0.10518954 0.32181832 -0.012313206 0.96029973 -0.27793652 -0.33835399 0.25757852 0.90479189 -0.18636473 -0.13411553 0.20248532
heads/seq-01/frame-000013 PINHOLE 640 480 525 525 320 240 0.94242579 0.10821734 0.3155733 -0.016977355 0.96004617 -0.27856541 -0.33318558 0.25726837 0.9067958 -0.19354746 -0.13696924 0.20644464
heads/seq-01/frame-000014 PINHOLE 640 480 525 525 320 240 0.94420123 0.11004488 0.30957714 -0.021925375 0.96103317 -0.27479056 -0.32782733 0.25276771 0.91000879 -0.19998807 -0.13768061 0.21035884
heads/seq-01/frame-000015 PINHOLE 640 480 525 525 320 240 0.94422144 0.11011484 0.30949053 -0.021988574 0.96100616 -0.27488071 -0.32776478 0.25284076 0.91001105 -0.2000439 -0.1377109 0.21034969
heads/seq-01/frame-000016 PINHOLE 640 480 525 525 320 240 0.94690365 0.1107935 0.30093476 -0.025466429 0.96122718 -0.27380523 -0.31967488 0.25170094 0.91319919 -0.20804439 -0.13837869 0.21450889
heads/seq-01/frame-000017 PINHOLE 640 480 525 525 320 240 0.94996452 0.11322558 0.29019099 -0.030634677 0.96083313 -0.27465725 -0.30999389 0.25212231 0.91641492 -0.21627496 -0.13986339 0.21936472
heads/seq-01/frame-000018 PINHOLE 640 480 525 525 320 240 0.95298755 0.11664283 0.27869779 -0.037135456 0.96048862 -0.27505967 -0.29983845 0.25187638 0.91985494 -0.22458211 -0.14153723 0.22498737
heads/seq-01/frame-000019 PINHOLE 640 480 525 525 320 240 0.95485258 0.12136067 0.27016923 -0.043712832 0.95974618 -0.27667907 -0.29293936 0.25247544 0.9219113 -0.2333694 -0.14361542 0.23081093
heads/seq-01/frame-000020 PINHOLE 640 480 525 525 320 240 0.95555401 0.12936738 0.26390094 -0.053055078 0.95889097 -0.27800685 -0.2890844 0.25174665 0.92332637 -0.24276693 -0.14463603 0.23661248
heads/seq-01/frame-000021 PINHOLE 640 480 525 525 320 240 0.95557439 0.12942356 0.26379925 -0.053130507 0.95887858 -0.27803487 -0.28900287 0.2517646 0.92334694 -0.24294347 -0.14463861 0.2365841
heads/seq-01/frame-000022 PINHOLE 640 480 525 525 320 240 0.9565652 0.13426159 0.25771981 -0.058712099 0.95767456 -0.28104559 -0.28461173 0.25380501 0.92415196 -0.25178885 -0.14521234 0.24213445
heads/seq-01/frame-000023 PINHOLE 640 480 525 525 320 240 0.95807147 0.13603406 0.25111046 -0.060956486 0.95621628 -0.2854974 -0.27901861 0.25831887 0.92460674 -0.26087859 -0.14604962 0.24739555
heads/seq-01/frame-000024 PINHOLE 640 480 525 525 320 240 0.96049041 0.13615176 0.24162646 -0.062500916 0.95486444 -0.28965783 -0.27022132 0.26321152 0.92583889 -0.27066118 -0.14670187 0.2526674
heads/seq-01/frame-000025 PINHOLE 640 480 525 525 320 240 0.96372676 0.13269901 0.23039976 -0.060599543 0.95317525 -0.29556489 -0.25889334 0.27098316 0.92683321 -0.28117284 -0.14745516 0.25769764
heads/seq-01/frame-000026 PINHOLE 640 480 525 525 320 240 0.96646005 0.13040167 0.22002916 -0.05931766 0.95089614 -0.30307063 -0.24880435 0.27995735 0.926929 -0.29147252 -0.14919686 0.26290342
heads/seq-01/frame-000027 PINHOLE 640 480 525 525 320 240 0.96640909 0.13024415 0.2203462 -0.059143826 0.95099628 -0.30279014 -0.24904369 0.27969033 0.92694527 -0.29111707 -0.1490718 0.26292127
heads/seq-01/frame-000028 PINHOLE 640 480 525 525 320 240 0.96851987 0.13147657 0.21010843 -0.061907463 0.94897521 -0.30852401 -0.24000818 0.28590903 0.92743146 -0.30133024 -0.15076488 0.26790172
heads/seq-01/frame-000029 PINHOLE 640 480 525 525 320 240 0.96945149 0.13481867 0.20359324 -0.066153921 0.9474082 -0.31243384 -0.23506369 0.28952631 0.92757565 -0.31134042 -0.15229304 0.27276972
heads/seq-01/frame-000030 PINHOLE 640 480 525 525 320 240 0.96949774 0.14047252 0.19950965 -0.072398387 0.94626349 -0.31451145 -0.23302461 0.29057956 0.92776078 -0.32103804 -0.15205418 0.27782282
heads/seq-01/frame-000031 PINHOLE 640 480 525 525 320 240 0.96951336 0.14039424 0.19948897 -0.072320119 0.94625866 -0.31454408 -0.23298401 0.29063314 0.92775428 -0.32111913 -0.15208225 0.27777553
heads/seq-01/frame-000032 PINHOLE 640 480 525 525 320 240 0.96992171 0.14572808 0.19359188 -0.078242421 0.94432241 -0.31891528 -0.22934319 0.2942819 0.92751122 -0.33035403 -0.15201987 0.28288102
heads/seq-01/frame-000033 PINHOLE 640 480 525 525 320 240 0.97068393 0.14813785 0.18785688 -0.081207037 0.94245678 -0.32365742 -0.22504723 0.29902089 0.92704755 -0.33993915 -0.15169646 0.28850886
heads/seq-01/frame-000034 PINHOLE 640 480 525 525 320 240 0.97195357 0.15078883 0.17897275 -0.085045949 0.93988323 -0.330091 -0.21804048 0.30572069 0.9265365 -0.34878114 -0.15147974 0.29418012
heads/seq-01/frame-000035 PINHOLE 640 480 525 525 320 240 0.97384357 0.14961711 0.16942747 -0.08506199 0.93688601 -0.33849996 -0.20943074 0.31534466 0.92529607 -0.35857263 -0.15295655 0.30012664
heads/seq-01/frame-000036 PINHOLE 640 480 525 525 320 240 0.97383612 0.1494837 0.1695884 -0.084947683 0.9370029 -0.33820495 -0.20951211 0.31506038 0.92537445 -0.35832626 -0.15279852 0.30002525
heads/seq-01/frame-000037 PINHOLE 640 480 525 525 320 240 0.97612512 0.14426281 0.16071764 -0.081795253 0.93552351 -0.34304243 -0.19989233 0.3218182 0.92517674 -0.36757439 -0.15410501 0.30517665
heads/seq-01/frame-000038 PINHOLE 640 480 525 525 320 240 0.9775511 0.1444561 0.15161818 -0.084147722 0.93377262 -0.34721813 -0.19178195 0.32677794 0.92515486 -0.3762587 -0.1560529 0.31105283
heads/seq-01/frame-000039 PINHOLE 640 480 525 525 320 240 0.97834164 0.14849487 0.14233348 -0.090457708 0.93192017 -0.35059181 -0.18475053 0.33023682 0.9253574 -0.38625127 -0.15924832 0.31688005
heads/seq-01/frame-000040 PINHOLE 640 480 525 525 320 240 0.97837269 0.1487232 0.1418788 -0.090798065 0.93182707 -0.35075068 -0.18441723 0.33039609 0.92536682 -0.38659111 -0.15931767 0.31676763
heads/seq-01/frame-000041 PINHOLE 640 480 525 525 320 240 0.97836685 0.15053856 0.13999227 -0.093582883 0.93233889 -0.3486526 -0.18305171 0.32812232 0.92644632 -0.39574718 -0.16155367 0.32190159
heads/seq-01/frame-000042 PINHOLE 640 480 525 525 320 240 0.97881025 0.15382534 0.13315181 -0.099805482 0.93322092 -0.34454247 -0.17730431 0.32406464 0.9289887 -0.40424392 -0.16238473 0.32739425
heads/seq-01/frame-000043 PINHOLE 640 480 525 525 320 240 0.98064274 0.15608172 0.11592728 -0.10780248 0.932594 -0.34382939 -0.16182043 0.32478905 0.93155819 -0.41391587 -0.16471158 0.33296964
heads/seq-01/frame-000044 PINHOLE 640 480 525 525 320 240 0.98060769 0.1560847 0.11621925 -0.10772943 0.93264657 -0.34370932 -0.16208117 0.32463616 0.93156612 -0.41365066 -0.1646243 0.33297798
heads/seq-01/frame-000045 PINHOLE 640 480 525 525 320 240 0.98257899 0.15264493 0.10343442 -0.10860398 0.93231648 -0.34432912 -0.14903277 0.32721013 0.93284363 -0.42229891 -0.16731215 0.33862749
heads/seq-01/frame-000046 PINHOLE 640 480 525 525 320 240 0.98411471 0.15132374 0.089890189 -0.11222536 0.93280673 -0.34183127 -0.13561361 0.326426 0.93516278 -0.42978463 -0.17130271 0.3436251
heads/seq-01/frame-000047 PINHOLE 640 480 525 525 320 240 0.98518926 0.15271384 0.074438132 -0.11955348 0.93441141 -0.33489347 -0.12073199 0.3211458 0.93902266 -0.43757862 -0.17451289 0.34847951
heads/seq-01/frame-000048 PINHOLE 640 480 525 525 320 240 0.98519701 0.15256883 0.074630506 -0.11936811 0.93447548 -0.33478034 -0.12085074 0.32102782 0.93904757 -0.43755198 -0.17448376 0.34850162
heads/seq-01/frame-000049 PINHOLE 640 480 525 525 320 240 0.98573416 0.15431143 0.063055634 -0.12559345 0.93613678 -0.32778814 -0.10964129 0.31530315 0.94235694 -0.44422585 -0.17778578 0.35271326
heads/seq-01/frame-000050 PINHOLE 640 480 525 525 320 240 0.9850952 0.16280872 0.050403208 -0.13872218 0.9376899 -0.31790701 -0.099049978 0.30628523 0.94649464 -0.44991797 -0.18071961 0.35665041
heads/seq-01/frame-000051 PINHOLE 640 480 525 525 320 240 0.98442233 0.17088471 0.034219477 -0.15221424 0.93862838 -0.30883422 -0.084921248 0.29892167 0.95021456 -0.45669386 -0.18382981 0.36015379
heads/seq-01/frame-000052 PINHOLE 640 480 525 525 320 240 0.98438507 0.17111085 0.034161229 -0.15246129 0.9386397 -0.30867767 -0.084910028 0.29875642 0.95026749 -0.45657152 -0.18374915 0.36011642
heads/seq-01/frame-000053 PINHOLE 640 480 525 525 320 240 0.98385799 0.17582507 0.023850774 -0.16069902 0.93990618 -0.30053768 -0.075284615 0.29195914 0.95318699 -0.46202442 -0.18820961 0.36319792
heads/seq-01/frame-000054 PINHOLE 640 480 525 525 320 240 0.98325533 0.18039887 0.011183739 -0.16968048 0.9425506 -0.28701404 -0.062340844 0.28041345 0.95757771 -0.46631426 -0.19097073 0.36542395
heads/seq-01/frame-000055 PINHOLE 640 480 525 525 320 240 0.98320979 0.18063626 0.011338535 -0.16986808 0.9425329 -0.28696081 -0.062545128 0.28031966 0.95759177 -0.46616465 -0.1909316 0.36540917
heads/seq-01/frame-000056 PINHOLE 640 480 525 525 320 240 0.98235917 0.18550237 -0.0043499693 -0.17950317 0.94404298 -0.27591914 -0.047096767 0.2719337 0.96088862 -0.47075623 -0.19468395 0.36753789
heads/seq-01/frame-000057 PINHOLE 640 480 525 525 320 240 0.98170054 0.18782166 -0.021125007 -0.18670003 0.94608098 -0.2639004 -0.029596349 0.26311451 0.96403718 -0.47400215 -0.19721544 0.36918774
heads/seq-01/frame-000058 PINHOLE 640 480 525 525 320 240 0.97941244 0.19627285 -0.041075543 -0.20025645 0.94621909 -0.25325111 -0.010852386 0.25636071 0.96624762 -0.47767091 -0.20136213 0.37107426
heads/seq-01/frame-000059 PINHOLE 640 480 525 525 320 240 0.97714674 0.20266107 -0.059760395 -0.21119298 0.94632679 -0.24378787 0.0071375393 0.250934 0.96770567 -0.4811812 -0.20547882 0.37270033
heads/seq-01/frame-000060 PINHOLE 640 480 525 525 320 240 0.97705287 0.20310491 -0.059787665 -0.21163116 0.94617665 -0.24399009 0.0070050368 0.25114071 0.9676528 -0.48118484 -0.20566756 0.37270391
heads/seq-01/frame-000061 PINHOLE 640 480 525 525 320 240 0.97514206 0.20618239 -0.077749357 -0.21895766 0.94660413 -0.23572665 0.024989787 0.24698645 0.96842438 -0.48392016 -0.20976306 0.37429345
heads/seq-01/frame-000062 PINHOLE 640 480 525 525 320 240 0.9715082 0.21477918 -0.097466126 -0.23190416 0.94538403 -0.22811891 0.043145828 0.2443172 0.96846277 -0.48525646 -0.21392713 0.37563062
heads/seq-01/frame-000063 PINHOLE 640 480 525 525 320 240 0.96600533 0.22845435 -0.11874476 -0.24994539 0.94290167 -0.2191627 0.061897486 0.2414863 0.96815562 -0.48680201 -0.21822049 0.37681216
heads/seq-01/frame-000064 PINHOLE 640 480 525 525 320 240 0.96583402 0.22903121 -0.11902614 -0.25059435 0.94266587 -0.21943508 0.061945911 0.24185947 0.96805924 -0.48696736 -0.21841033 0.37675506
heads/seq-01/frame-000065 PINHOLE 640 480 525 525 320 240 0.96008414 0.24118678 -0.13973302 -0.26687989 0.94015676 -0.21082735 0.080527194 0.23979762 0.96720433 -0.48789895 -0.22335279 0.37769437
heads/seq-01/frame-000066 PINHOLE 640 480 525 525 320 240 0.95364159 0.25290796 -0.16143999 -0.28264645 0.93784052 -0.2003337 0.10074782 0.23676994 0.9660545 -0.48938176 -0.22868986 0.37828273
heads/seq-01/frame-000067 PINHOLE 640 480 525 525 320 240 0.94658977 0.26574755 -0.1811173 -0.2988376 0.93499106 -0.18988164 0.11889471 0.23395686 0.96467584 -0.48882207 -0.23380567 0.37842748
heads/seq-01/frame-000068 PINHOLE 640 480 525 525 320 240 0.94643146 0.26615778 -0.18134168 -0.2992954 0.93484646 -0.18987206 0.11900295 0.23406784 0.96463549 -0.48882782 -0.23386104 0.37842175
heads/seq-01/frame-000069 PINHOLE 640 480 525 525 320 240 0.9406547 0.27362144 -0.19939104 -0.30980501 0.93321079 -0.18084489 0.13660665 0.23197672 0.96280628 -0.48823887 -0.23870265 0.37815881
heads/seq-01/frame-000070 PINHOLE 640 480 525 525 320 240 0.93335783 0.28197813 -0.22088081 -0.32212335 0.93047631 -0.17325282 0.1566907 0.23294964 0.95950675 -0.4859823 -0.243948 0.37744474
heads/seq-01/frame-000071 PINHOLE 640 480 525 525 320 240 0.92470324 0.29195911 -0.24318838 -0.33664459 0.92630118 -0.16793579 0.17625897 0.23725146 0.95504719 -0.48188841 -0.24919623 0.37626192
heads/seq-01/frame-000072 PINHOLE 640 480 525 525 320 240 0.91591305 0.30006784 -0.26555431 -0.34912613 0.92285168 -0.16131079 0.19669083 0.24055181 0.95022005 -0.47891834 -0.25432906 0.37497851
heads/seq-01/frame-000073 PINHOLE 640 480 525 525 320 240 0.91565514 0.300899 -0.26550263 -0.34992465 0.92257094 -0.16118629 0.19647186 0.24059021 0.95025551 -0.47883278 -0.25426099 0.37496889
heads/seq-01/frame-000074 PINHOLE 640 480 525 525 320 240 0.90429854 0.31231552 -0.2901018 -0.36663893 0.91702461 -0.15558589 0.21747029 0.24715321 0.94397676 -0.47550514 -0.25945345 0.37375954
heads/seq-01/frame-000075 PINHOLE 640 480 525 525 320 240 0.89374787 0.32645863 -0.30674928 -0.38402393 0.91091615 -0.14940467 0.23068252 0.25142437 0.93970257 -0.46931836 -0.26314932 0.37257192
heads/seq-01/frame-000076 PINHOLE 640 480 525 525 320 240 0.88014203 0.34475377 -0.32550019 -0.40616342 0.90238881 -0.1424426 0.24465646 0.25767222 0.93446118 -0.46483108 -0.26576525 0.37171048
heads/seq-01/frame-000077 PINHOLE 640 480 525 525 320 240 0.87971371 0.34542373 -0.32594696 -0.40698484 0.90201354 -0.142474 0.24483098 0.25808814 0.93430066 -0.4649418 -0.26596102 0.37169623
heads/seq-01/frame-000078 PINHOLE 640 480 525 525 320 240 0.86403531 0.36695519 -0.34386319 -0.4326818 0.89092058 -0.1364207 0.25633237 0.26675344 0.92876565 -0.45792693 -0.26756009 0.3710705
heads/seq-01/frame-000079 PINHOLE 640 480 525 525 320 240 0.84609032 0.39355487 -0.35874873 -0.46259889 0.87688076 -0.12901863 0.26384234 0.27521721 0.9241817 -0.45153821 -0.26855716 0.37101534
heads/seq-01/frame-000080 PINHOLE 640 480 525 525 320 240 0.82966882 0.41755623 -0.36979932 -0.48896542 0.86347711 -0.12199758 0.26841074 0.28213662 0.92077339 -0.44446227 -0.26905715 0.37117398
heads/seq-01/frame-000081 PINHOLE 640 480 525 525 320 240 0.82956839 0.41785306 -0.3696889 -0.48925009 0.8633104 -0.12203533 0.26820174 0.28220701 0.92081267 -0.4442426 -0.26913857 0.37115589
heads/seq-01/frame-000082 PINHOLE 640 480 525 525 320 240 0.81510204 0.43506175 -0.38181731 -0.51072985 0.85098183 -0.12061474 0.27248317 0.29342079 0.91603816 -0.43468633 -0.26999047 0.37217107
heads/seq-01/frame-000083 PINHOLE 640 480 525 525 320 240 0.79265708 0.45618978 -0.40378222 -0.53851664 0.83457541 -0.11421936 0.28492114 0.30808482 0.90739858 -0.42845216 -0.26976541 0.37282804
heads/seq-01/frame-000084 PINHOLE 640 480 525 525 320 240 0.77759814 0.47272393 -0.41391724 -0.55898249 0.82130015 -0.112102 0.28699684 0.31864926 0.90308571 -0.41764072 -0.26959357 0.37394077
heads/seq-01/frame-000085 PINHOLE 640 480 525 525 320 240 0.76171225 0.48713633 -0.42655218 -0.57767457 0.80884469 -0.10781731 0.29253304 0.32864231 0.89771199 -0.4083004 -0.2707929 0.3750174
heads/seq-01/frame-000086 PINHOLE 640 480 525 525 320 240 0.76157308 0.48735729 -0.42654788 -0.57798415 0.8085919 -0.10805243 0.29228336 0.3289361 0.89768547 -0.40801033 -0.27095842 0.37497872
heads/seq-01/frame-000087 PINHOLE 640 480 525 525 320 240 0.74782962 0.49957359 -0.4366127 -0.59351176 0.79785132 -0.10362935 0.2966221 0.33674157 0.89335757 -0.39821884 -0.27055565 0.3763586
heads/seq-01/frame-000088 PINHOLE 640 480 525 525 320 240 0.73737782 0.50708789 -0.44563344 -0.60489029 0.78939265 -0.10261054 0.29978794 0.3453334 0.88901031 -0.38959846 -0.26980266 0.3785283
heads/seq-01/frame-000089 PINHOLE 640 480 525 525 320 240 0.72867185 0.51359367 -0.45245084 -0.61478305 0.78169501 -0.10274445 0.30095032 0.35313883 0.88554436 -0.38169557 -0.26949781 0.38111326
heads/seq-01/frame-000090 PINHOLE 640 480 525 525 320 240 0.72831488 0.51369458 -0.45291045 -0.61507791 0.78146666 -0.10271434 0.30121142 0.35349649 0.88531256 -0.38175452 -0.26967415 0.38114649
heads/seq-01/frame-000091 PINHOLE 640 480 525 525 320 240 0.7220909 0.51825315 -0.45765817 -0.62209713 0.77586335 -0.10291982 0.30178228 0.35913917 0.88284367 -0.37455902 -0.26853034 0.38417533
heads/seq-01/frame-000092 PINHOLE 640 480 525 525 320 240 0.71780795 0.51932597 -0.46314654 -0.62750471 0.77076715 -0.10824549 0.30080357 0.36844188 0.87933731 -0.36671257 -0.26786232 0.38746041
heads/seq-01/frame-000093 PINHOLE 640 480 525 525 320 240 0.70935398 0.52342629 -0.47148082 -0.63539761 0.76440454 -0.10731589 0.30427071 0.37581986 0.87501144 -0.3592943 -0.26695889 0.39055675
heads/seq-01/frame-000094 PINHOLE 640 480 525 525 320 240 0.70142281 0.52839589 -0.47776145 -0.64248216 0.75894213 -0.10384811 0.30776152 0.3799125 0.87201804 -0.35317239 -0.26405135 0.39281583
heads/seq-01/frame-000095 PINHOLE 640 480 525 525 320 240 0.70153642 0.52851003 -0.47746813 -0.64245707 0.7589674 -0.10381849 0.30755472 0.37970299 0.87218213 -0.35337663 -0.26396695 0.39273205
heads/seq-01/frame-000096 PINHOLE 640 480 525 525 320 240 0.6972757 0.53058934 -0.48138723 -0.64743263 0.75438684 -0.10626466 0.30681008 0.38588065 0.86972958 -0.34733006 -0.26107329 0.39480892
heads/seq-01/frame-000097 PINHOLE 640 480 525 525 320 240 0.69190514 0.53289187 -0.48656493 -0.65294904 0.74941051 -0.1077119 0.30727875 0.3923488 0.86666483 -0.33999199 -0.25858513 0.39701515
heads/seq-01/frame-000098 PINHOLE 640 480 525 525 320 240 0.68759292 0.53356105 -0.49191457 -0.65657324 0.74613512 -0.10841578 0.30922931 0.39764526 0.86355138 -0.33450046 -0.25476921 0.39842117
heads/seq-01/frame-000099 PINHOLE 640 480 525 525 320 240 0.68728888 0.53367668 -0.49221396 -0.656726 0.74605012 -0.10807443 0.30958056 0.39764941 0.86342359 -0.33487123 -0.25475976 0.39846247
heads/seq-01/frame-000100 PINHOLE 640 480 525 525 320 240 0.68479288 0.53228027 -0.49717975 -0.65863252 0.74399334 -0.11062154 0.31105804 0.40333414 0.86024976 -0.32812017 -0.25186667 0.39995623
heads/seq-01/frame-000101 PINHOLE 640 480 525 525 320 240 0.6878444 0.52684933 -0.49874932 -0.65566665 0.74571413 -0.1164963 0.31058973 0.4072682 0.8585636 -0.31961688 -0.24854909 0.40037036
heads/seq-01/frame-000102 PINHOLE 640 480 525 525 320 240 0.68778992 0.51918608 -0.50679523 -0.65262443 0.74790794 -0.11947628 0.31704873 0.41304657 0.85342669 -0.31523752 -0.24495204 0.40096068
heads/seq-01/frame-000103 PINHOLE 640 480 525 525 320 240 0.68750691 0.51216978 -0.51426291 -0.65005445 0.749672 -0.12239395 0.32288644 0.41857213 0.84853137 -0.30938971 -0.2415871 0.40061906
heads/seq-01/frame-000104 PINHOLE 640 480 525 525 320 240 0.68724108 0.51215118 -0.51463616 -0.65010875 0.74967867 -0.12206236 0.32334206 0.41858253 0.84835243 -0.30938235 -0.24164273 0.40072298
heads/seq-01/frame-000105 PINHOLE 640 480 525 525 320 240 0.68870223 0.50447088 -0.52023792 -0.64627194 0.75234377 -0.12597743 0.32789168 0.42310411 0.84435356 -0.30427542 -0.2380643 0.40040097
heads/seq-01/frame-000106 PINHOLE 640 480 525 525 320 240 0.69069588 0.49812135 -0.52370107 -0.64267355 0.75479889 -0.12964539 0.3307566 0.42624336 0.84165281 -0.29867747 -0.23473482 0.39933586
heads/seq-01/frame-000107 PINHOLE 640 480 525 525 320 240 0.69494486 0.4906171 -0.52516162 -0.63720804 0.75857121 -0.1345138 0.332425 0.42824659 0.83997679 -0.29298165 -0.23154466 0.39769542
heads/seq-01/frame-000108 PINHOLE 640 480 525 525 320 240 0.69468981 0.49103078 -0.52511239 -0.6374954 0.75839084 -0.13416824 0.33240691 0.42809176 0.8400628 -0.29268363 -0.23150797 0.3976441
heads/seq-01/frame-000109 PINHOLE 640 480 525 525 320 240 0.7009635 0.48174787 -0.5253734 -0.63034183 0.76306313 -0.14128575 0.33287659 0.43033144 0.83873135 -0.28695709 -0.22842957 0.39590311
heads/seq-01/frame-000110 PINHOLE 640 480 525 525 320 240 0.70493478 0.47717044 -0.52423537 -0.62634879 0.76557958 -0.14537011 0.33202538 0.43096152 0.83874482 -0.28092891 -0.22659472 0.39305347
heads/seq-01/frame-000111 PINHOLE 640 480 525 525 320 240 0.71530408 0.46683919 -0.51946944 -0.61526573 0.77317232 -0.15234783 0.33056542 0.42871761 0.84046966 -0.27315718 -0.22361739 0.38894546
heads/seq-01/frame-000112 PINHOLE 640 480 525 525 320 240 0.71834224 0.45897993 -0.52227283 -0.60962552 0.77697378 -0.15564549 0.33440331 0.43032894 0.83812457 -0.26932469 -0.22088464 0.38586831
heads/seq-01/frame-000113 PINHOLE 640 480 525 525 320 240 0.71893048 0.45827076 -0.52208573 -0.60913622 0.77716488 -0.1566017 0.33403 0.43073866 0.83806264 -0.26894951 -0.22098762 0.38583708
heads/seq-01/frame-000114 PINHOLE 640 480 525 525 320 240 0.72317082 0.45490438 -0.51916498 -0.60506803 0.77973264 -0.15958038 0.33226514 0.42966554 0.83931398 -0.2648882 -0.21867062 0.38148677
heads/seq-01/frame-000115 PINHOLE 640 480 525 525 320 240 0.73781466 0.44435894 -0.50756329 -0.59232169 0.78681111 -0.17215982 0.32290334 0.42779443 0.84391099 -0.26141584 -0.21653485 0.37702128
heads/seq-01/frame-000116 PINHOLE 640 480 525 525 320 240 0.75025898 0.43584472 -0.49658495 -0.58149397 0.79241645 -0.18302107 0.31377926 0.42620581 0.84814572 -0.25504693 -0.21439476 0.37228325
heads/seq-01/frame-000117 PINHOLE 640 480 525 525 320 240 0.75011289 0.43599337 -0.49667495 -0.58162516 0.79236567 -0.18282267 0.31388471 0.42614788 0.84813565 -0.25539437 -0.21438456 0.37227809
heads/seq-01/frame-000118 PINHOLE 640 480 525 525 320 240 0.75965285 0.42826223 -0.48883978 -0.57271171 0.79667366 -0.19200981 0.30726001 0.42595688 0.85065359 -0.24972852 -0.21308014 0.3672238
heads/seq-01/frame-000119 PINHOLE 640 480 525 525 320 240 0.77148908 0.4133485 -0.48310751 -0.55832899 0.80393952 -0.20372833 0.30422315 0.4270395 0.85120201 -0.24409319 -0.21276611 0.36180723
heads/seq-01/frame-000120 PINHOLE 640 480 525 525 320 240 0.779939 0.40056548 -0.4802992 -0.54549652 0.81132513 -0.20914137 0.30594966 0.42525145 0.8514781 -0.23911019 -0.21191446 0.35510653
heads/seq-01/frame-000121 PINHOLE 640 480 525 525 320 240 0.7799471 0.40032393 -0.48048702 -0.54539442 0.81135631 -0.20928536 0.30610985 0.42541912 0.8513366 -0.23882338 -0.21200481 0.35517275
heads/seq-01/frame-000122 PINHOLE 640 480 525 525 320 240 0.78638327 0.39361998 -0.4755092 -0.53644842 0.81687456 -0.21093477 0.3054491 0.4210937 0.85372096 -0.23524658 -0.21148701 0.34812555
heads/seq-01/frame-000123 PINHOLE 640 480 525 525 320 240 0.79670799 0.38372442 -0.46632192 -0.52348608 0.8238126 -0.21644752 0.30115107 0.41668987 0.85740072 -0.23129137 -0.21006709 0.3406429
heads/seq-01/frame-000124 PINHOLE 640 480 525 525 320 240 0.80710483 0.37287706 -0.45715275 -0.51118034 0.82884723 -0.22640969 0.29453114 0.41655546 0.85976225 -0.22745347 -0.20890488 0.3340309
heads/seq-01/frame-000125 PINHOLE 640 480 525 525 320 240 0.807096 0.37265816 -0.45734632 -0.51116931 0.82876009 -0.22675273 0.29457349 0.41692445 0.8595686 -0.22765729 -0.20908579 0.33415863
heads/seq-01/frame-000126 PINHOLE 640 480 525 525 320 240 0.81856573 0.36233044 -0.44509593 -0.49886703 0.8326261 -0.23962431 0.28381765 0.41832432 0.86250216 -0.22272463 -0.20894012 0.32703629
heads/seq-01/frame-000127 PINHOLE 640 480 525 525 320 240 0.82482386 0.35903347 -0.43612349 -0.4932256 0.83408612 -0.24613565 0.27543426 0.41825837 0.86524737 -0.21770653 -0.20789011 0.32036504
heads/seq-01/frame-000128 PINHOLE 640 480 525 525 320 240 0.8278653 0.36245126 -0.42744717 -0.49430069 0.83166176 -0.25210994 0.2641519 0.42013338 0.86785305 -0.21228884 -0.20853354 0.31362998
heads/seq-01/frame-000129 PINHOLE 640 480 525 525 320 240 0.82837439 0.3620804 -0.42677474 -0.49371529 0.83189583 -0.25248462 0.26365027 0.41998976 0.86807501 -0.21236742 -0.20844777 0.31358016
heads/seq-01/frame-000130 PINHOLE 640 480 525 525 320 240 0.83547819 0.36471179 -0.41037136 -0.48968738 0.83301973 -0.25658962 0.24830078 0.41546047 0.87475514 -0.20690511 -0.20881438 0.30565503
heads/seq-01/frame-000131 PINHOLE 640 480 525 525 320 240 0.84610969 0.36083743 -0.39158365 -0.47895357 0.83709711 -0.26348722 0.23274904 0.41062039 0.88129216 -0.20314544 -0.20782137 0.29835707
heads/seq-01/frame-000132 PINHOLE 640 480 525 525 320 240 0.85638469 0.35236827 -0.37667617 -0.46748856 0.83885145 -0.27809399 0.2180125 0.41437903 0.88329929 -0.19549537 -0.20886587 0.29128793
heads/seq-01/frame-000133 PINHOLE 640 480 525 525 320 240 0.86087108 0.34655568 -0.37181079 -0.46087709 0.84071869 -0.28343967 0.21438874 0.41549626 0.88366127 -0.18894801 -0.20966259 0.28362188
heads/seq-01/frame-000134 PINHOLE 640 480 525 525 320 240 0.86072218 0.34655586 -0.37215489 -0.46107826 0.84054887 -0.28361613 0.21455364 0.41583952 0.88345975 -0.18890926 -0.20986357 0.28372869
heads/seq-01/frame-000135 PINHOLE 640 480 525 525 320 240 0.86635268 0.3406761 -0.36443874 -0.45265785 0.84392482 -0.28713262 0.20976704 0.41385627 0.88553786 -0.18407033 -0.20933154 0.27513191
heads/seq-01/frame-000136 PINHOLE 640 480 525 525 320 240 0.87131631 0.34262538 -0.35051155 -0.4489854 0.8448174 -0.2902568 0.19669339 0.41041142 0.89012951 -0.17920181 -0.20862533 0.26731005
heads/seq-01/frame-000137 PINHOLE 640 480 525 525 320 240 0.87656683 0.34640831 -0.33327818 -0.44604114 0.84468305 -0.29514581 0.17929406 0.40750152 0.895127 -0.17301017 -0.20843317 0.26037529
heads/seq-01/frame-000138 PINHOLE 640 480 525 525 320 240 0.87667453 0.34638703 -0.33301595 -0.44594485 0.84466499 -0.29534209 0.17900482 0.40755653 0.89515966 -0.17300926 -0.20847678 0.26030132
heads/seq-01/frame-000139 PINHOLE 640 480 525 525 320 240 0.88243383 0.34238318 -0.32175449 -0.43865448 0.84576738 -0.30300498 0.16840418 0.40865219 0.89671576 -0.16680086 -0.20756668 0.25489065
heads/seq-01/frame-000140 PINHOLE 640 480 525 525 320 240 0.88689822 0.33588293 -0.31628409 -0.43194017 0.84546864 -0.31330919 0.1621905 0.41462186 0.89511931 -0.16113345 -0.2061877 0.24912858
heads/seq-01/frame-000141 PINHOLE 640 480 525 525 320 240 0.88686496 0.33600071 -0.31625238 -0.43206418 0.84535229 -0.31345186 0.16204208 0.41476357 0.89508045 -0.16129895 -0.20629047 0.24912083
heads/seq-01/frame-000142 PINHOLE 640 480 525 525 320 240 0.89109886 0.33224949 -0.30821154 -0.42686561 0.84384143 -0.32445225 0.15229803 0.42081806 0.89396465 -0.1551629 -0.206379 0.24342234
heads/seq-01/frame-000143 PINHOLE 640 480 525 525 320 240 0.89477289 0.33164564 -0.29804981 -0.42255238 0.8441956 -0.32914275 0.14246695 0.42058375 0.89569396 -0.14889392 -0.20561753 0.23787406
heads/seq-01/frame-000144 PINHOLE 640 480 525 525 320 240 0.89560556 0.33838868 -0.28779283 -0.42462379 0.84254438 -0.330704 0.13058226 0.41851753 0.89846891 -0.1422745 -0.20515819 0.23202538
heads/seq-01/frame-000145 PINHOLE 640 480 525 525 320 240 0.89666891 0.34791669 -0.27272627 -0.42682433 0.84210229 -0.32899275 0.11520827 0.41153571 0.90378112 -0.13577625 -0.20371044 0.2266431
heads/seq-01/frame-000146 PINHOLE 640 480 525 525 320 240 0.89676183 0.34770036 -0.27269676 -0.42663735 0.84210908 -0.329218 0.11517814 0.41170469 0.9037081 -0.13602626 -0.20379534 0.22670205
heads/seq-01/frame-000147 PINHOLE 640 480 525 525 320 240 0.90124536 0.34955993 -0.2549614 -0.42119423 0.8437708 -0.33196038 0.099092424 0.40669686 0.90787297 -0.12776586 -0.20132369 0.22253923
heads/seq-01/frame-000148 PINHOLE 640 480 525 525 320 240 0.90304607 0.35212055 -0.24486616 -0.41967636 0.84336001 -0.33491313 0.088581689 0.40533704 0.90956587 -0.11891465 -0.19971791 0.21897635
heads/seq-01/frame-000149 PINHOLE 640 480 525 525 320 240 0.90293533 0.35226357 -0.24506834 -0.41988331 0.84330058 -0.33480287 0.088728584 0.40533596 0.90955186 -0.11893004 -0.19973247 0.21899545
heads/seq-01/frame-000150 PINHOLE 640 480 525 525 320 240 0.9066453 0.34792325 -0.23745275 -0.41280666 0.84623444 -0.33619723 0.083970301 0.40296388 0.91105628 -0.11139298 -0.19699048 0.21561737
heads/seq-01/frame-000151 PINHOLE 640 480 525 525 320 240 0.90943217 0.34123766 -0.23649426 -0.40629554 0.84884745 -0.33753878 0.08556769 0.40318573 0.9108094 -0.10150544 -0.19413194 0.21286198
heads/seq-01/frame-000152 PINHOLE 640 480 525 525 320 240 0.91038626 0.33499694 -0.2416884 -0.40257245 0.85080558 -0.3370693 0.092715546 0.40429127 0.90961891 -0.093597382 -0.1914552 0.21004596
heads/seq-01/frame-000153 PINHOLE 640 480 525 525 320 240 0.91358012 0.3260352 -0.24189128 -0.39453325 0.85360569 -0.33948639 0.095799215 0.40571362 0.90866542 -0.08450897 -0.18877317 0.20749392
heads/seq-01/frame-000154 PINHOLE 640 480 525 525 320 240 0.91349226 0.32626143 -0.24191727 -0.39476392 0.85346693 -0.3395671 0.095684633 0.40582386 0.90862817 -0.084198192 -0.18886475 0.20754221
heads/seq-01/frame-000155 PINHOLE 640 480 525 525 320 240 0.91763407 0.31680125 -0.23879455 -0.3849732 0.85661376 -0.34286779 0.095938109 0.40668899 0.90821433 -0.074607879 -0.18593049 0.20509443
heads/seq-01/frame-000156 PINHOLE 640 480 525 525 320 240 0.91841054 0.31297284 -0.24084853 -0.38220122 0.85805982 -0.34235233 0.099520817 0.40660506 0.90786618 -0.062919937 -0.18407215 0.20300901
heads/seq-01/frame-000157 PINHOLE 640 480 525 525 320 240 0.91829604 0.31307411 -0.24115278 -0.3824268 0.8579458 -0.34238619 0.099709101 0.4067677 0.90777254 -0.062918007 -0.18414189 0.20302199
heads/seq-01/frame-000158 PINHOLE 640 480 525 525 320 240 0.91890484 0.31077138 -0.24181077 -0.38007531 0.86066246 -0.33815998 0.10303321 0.40277493 0.90918046 -0.053058676 -0.18120472 0.20059609
heads/seq-01/frame-000159 PINHOLE 640 480 525 525 320 240 0.92134297 0.30696756 -0.23735052 -0.37442309 0.863994 -0.33596265 0.10194596 0.39853737 0.91116822 -0.041686147 -0.1797663 0.19864446
heads/seq-01/frame-000160 PINHOLE 640 480 525 525 320 240 0.92208958 0.30226615 -0.24046409 -0.37001884 0.8699578 -0.32528222 0.11088024 0.38904476 0.91422212 -0.032953221 -0.17702106 0.197182
heads/seq-01/frame-000161 PINHOLE 640 480 525 525 320 240 0.92224616 0.30230749 -0.2398103 -0.36980903 0.87000477 -0.32539502 0.11027507 0.38890752 0.91435355 -0.032057222 -0.1769935 0.19720939
heads/seq-01/frame-000162 PINHOLE 640 480 525 525 320 240 0.92273515 0.29431143 -0.24774341 -0.36435562 0.87533814 -0.31713805 0.12353358 0.3830294 0.91513914 -0.020191686 -0.17262414 0.19625001
heads/seq-01/frame-000163 PINHOLE 640 480 525 525 320 240 0.92184442 0.2863076 -0.2601279 -0.36128843 0.87761062 -0.31435427 0.13830426 0.38389558 0.9126597 -0.010462868 -0.17072907 0.19583017
heads/seq-01/frame-000164 PINHOLE 640 480 525 525 320 240 0.92306787 0.27370244 -0.2691991 -0.35214683 0.88296044 -0.30971187 0.15294243 0.38081089 0.91161567 0.00076345482 -0.1689906 0.19514628
heads/seq-01/frame-000165 PINHOLE 640 480 525 525 320 240 0.92327821 0.27382985 -0.26834634 -0.35197833 0.88292205 -0.31001219 0.15205732 0.38080782 0.91176498 0.0008466412 -0.16901015 0.19520724
heads/seq-01/frame-000166 PINHOLE 640 480 525 525 320 240 0.92202938 0.26492557 -0.28126746 -0.34660357 0.8888371 -0.29896834 0.1708203 0.37327263 0.91155869 0.013240062 -0.16417003 0.19472447
heads/seq-01/frame-000167 PINHOLE 640 480 525 525 320 240 0.91684437 0.26190221 -0.30039796 -0.35008991 0.88946205 -0.29298741 0.19048674 0.37391698 0.9073875 0.024208203 -0.16110982 0.19546874
heads/seq-01/frame-000168 PINHOLE 640 480 525 525 320 240 0.91350722 0.25469968 -0.31633461 -0.34854171 0.89147031 -0.28869763 0.20850424 0.37411016 0.9033373 0.037068315 -0.15820004 0.19635576
heads/seq-01/frame-000169 PINHOLE 640 480 525 525 320 240 0.91372466 0.25481555 -0.31561217 -0.34840038 0.891473 -0.28885978 0.2077861 0.37402481 0.90353793 0.037391778 -0.15813559 0.19631581
heads/seq-01/frame-000170 PINHOLE 640 480 525 525 320 240 0.91144842 0.24729487 -0.32793516 -0.34464613 0.8947705 -0.28311047 0.22345112 0.37118891 0.90096539 0.051415328 -0.15400246 0.1972374
heads/seq-01/frame-000171 PINHOLE 640 480 525 525 320 240 0.9083786 0.24581982 -0.33742431 -0.34544641 0.89640796 -0.27688628 0.23444445 0.36820582 0.89939433 0.065226205 -0.15008929 0.19813958
heads/seq-01/frame-000172 PINHOLE 640 480 525 525 320 240 0.90828133 0.24602424 -0.33753708 -0.34563455 0.89640546 -0.27665937 0.23454398 0.36807534 0.89942169 0.064888239 -0.15000868 0.19811748
heads/seq-01/frame-000173 PINHOLE 640 480 525 525 320 240 0.90555531 0.24810237 -0.34329131 -0.34811839 0.89761591 -0.26952827 0.24131343 0.36370412 0.89940917 0.076781146 -0.148157 0.1992245
heads/seq-01/frame-000174 PINHOLE 640 480 525 525 320 240 0.90135491 0.25449297 -0.34960872 -0.35319182 0.89969611 -0.25563365 0.24952665 0.35401884 0.90103084 0.089522876 -0.14550976 0.19981503
heads/seq-01/frame-000175 PINHOLE 640 480 525 525 320 240 0.89666522 0.25892028 -0.35830849 -0.35679826 0.90236616 -0.24078295 0.2610265 0.34386668 0.90170395 0.10022593 -0.14231963 0.20087352
heads/seq-01/frame-000176 PINHOLE 640 480 525 525 320 240 0.89681667 0.25860447 -0.3581571 -0.35653555 0.90236562 -0.24117371 0.26086462 0.34410557 0.90165955 0.10057544 -0.14247064 0.20094307
heads/seq-01/frame-000177 PINHOLE 640 480 525 525 320 240 0.8916676 0.25812387 -0.37112498 -0.35800838 0.90442199 -0.23107685 0.27605531 0.33902973 0.8990556 0.11059435 -0.1395254 0.20261234
heads/seq-01/frame-000178 PINHOLE 640 480 525 525 320 240 0.88175499 0.25896025 -0.39354873 -0.36421317 0.90450788 -0.22081618 0.29883853 0.33816129 0.89207101 0.12390359 -0.13720885 0.20357378
heads/seq-01/frame-000179 PINHOLE 640 480 525 525 320 240 0.88054907 0.25952241 -0.39587095 -0.36551139 0.90411699 -0.2202708 0.30080205 0.33877462 0.89117759 0.12149729 -0.1375722 0.20411837
heads/seq-01/frame-000180 PINHOLE 640 480 525 525 320 240 0.86773765 0.25888669 -0.42360529 -0.37092623 0.90513307 -0.20662245 0.32998767 0.33654001 0.88164413 0.1315006 -0.13421176 0.20663171
heads/seq-01/frame-000181 PINHOLE 640 480 525 525 320 240 0.85641748 0.25738835 -0.44691435 -0.37476817 0.90581381 -0.19645528 0.35432193 0.33585653 0.87241262 0.13909444 -0.13298774 0.20983797
heads/seq-01/frame-000182 PINHOLE 640 480 525 525 320 240 0.84650791 0.25806662 -0.46503562 -0.37673202 0.90805107 -0.18182585 0.37542391 0.32922891 0.86609036 0.14797546 -0.13085872 0.21298635
heads/seq-01/frame-000183 PINHOLE 640 480 525 525 320 240 0.83831352 0.25530031 -0.48112816 -0.3751421 0.9109506 -0.17023998 0.39489731 0.3233228 0.85963106 0.1551913 -0.12790094 0.21690135
heads/seq-01/frame-000184 PINHOLE 640 480 525 525 320 240 0.83389014 0.24623218 -0.49338508 -0.36910948 0.91387492 -0.16773477 0.40966994 0.32210225 0.85315144 0.16288555 -0.12708625 0.22061661
heads/seq-01/frame-000185 PINHOLE 640 480 525 525 320 240 0.83388346 0.24626555 -0.49337918 -0.36917222 0.91383845 -0.16779426 0.40962636 0.32217962 0.8531428 0.16272435 -0.12712052 0.22057569
heads/seq-01/frame-000186 PINHOLE 640 480 525 525 320 240 0.82633352 0.23882873 -0.50947493 -0.3648555 0.91660196 -0.16206482 0.42836416 0.3199209 0.84474891 0.17236145 -0.12687811 0.22308823
heads/seq-01/frame-000187 PINHOLE 640 480 525 525 320 240 0.81400955 0.23534523 -0.53050154 -0.36355665 0.91915876 -0.15005688 0.45239002 0.31513062 0.83395529 0.17990853 -0.12528673 0.22500788
heads/seq-01/frame-000188 PINHOLE 640 480 525 525 320 240 0.80303413 0.2304213 -0.54906529 -0.36104408 0.92153591 -0.14128684 0.47352305 0.31180984 0.82340503 0.18673933 -0.12397008 0.22674735
heads/seq-01/frame-000189 PINHOLE 640 480 525 525 320 240 0.79521006 0.22663799 -0.56187755 -0.35924551 0.9230181 -0.1360994 0.48787665 0.31019422 0.81559855 0.19376498 -0.12478255 0.22748369
heads/seq-01/frame-000190 PINHOLE 640 480 525 525 320 240 0.79501212 0.22660606 -0.56217009 -0.35942143 0.92292893 -0.13623936 0.48806927 0.3104828 0.81537324 0.19381078 -0.12492827 0.22762343
heads/seq-01/frame-000191 PINHOLE 640 480 525 525 320 240 0.7885685 0.22746474 -0.57083184 -0.35813457 0.92485708 -0.1261806 0.49933791 0.30405015 0.8109622 0.20128486 -0.12573798 0.22716333
heads/seq-01/frame-000192 PINHOLE 640 480 525 525 320 240 0.78191078 0.22850373 -0.57950926 -0.35589582 0.92723042 -0.11456219 0.51126534 0.29593399 0.80652052 0.20961343 -0.12609035 0.22567163
heads/seq-01/frame-000193 PINHOLE 640 480 525 525 320 240 0.76979703 0.22733338 -0.595954 -0.35470754 0.92895156 -0.10379621 0.53012532 0.29140216 0.79592472 0.21739355 -0.12500274 0.22415413
heads/seq-01/frame-000194 PINHOLE 640 480 525 525 320 240 0.7546252 0.22982517 -0.61412561 -0.36041629 0.92762196 -0.095705189 0.54779416 0.29367363 0.78302073 0.22429051 -0.12616582 0.22236095
heads/seq-01/frame-000195 PINHOLE 640 480 525 525 320 240 0.73986417 0.230762 -0.6314891 -0.36190608 0.92809874 -0.08484415 0.56662309 0.29142365 0.77035993 0.23208119 -0.12678437 0.22001618
heads/seq-01/frame-000196 PINHOLE 640 480 525 525 320 240 0.73967063 0.23090383 -0.63166368 -0.36207688 0.92804337 -0.084721789 0.56676626 0.2914879 0.77023005 0.23158981 -0.12676035 0.22002925
heads/seq-01/frame-000197 PINHOLE 640 480 525 525 320 240 0.71835971 0.23359592 -0.65484399 -0.36756986 0.92691439 -0.072552726 0.59015924 0.29293102 0.75189555 0.23925358 -0.12748525 0.21748298
heads/seq-01/frame-000198 PINHOLE 640 480 525 525 320 240 0.69700074 0.24053089 -0.67510235 -0.37533566 0.92482555 -0.057986535 0.61053187 0.29391795 0.73505533 0.24521504 -0.12869039 0.21497391
heads/seq-01/frame-000199 PINHOLE 640 480 525 525 320 240 0.67752987 0.24862823 -0.69178408 -0.38151342 0.92316729 -0.041845471 0.62835997 0.29238734 0.72049725 0.25146207 -0.12946685 0.21225892
heads/seq-01/frame-000200 PINHOLE 640 480 525 525 320 240 0.65930045 0.25495493 -0.70692909 -0.38716701 0.92131096 -0.028791184 0.64409614 0.29279253 0.7062971 0.25847298 -0.13064718 0.20929809
heads/seq-01/frame-000201 PINHOLE 640 480 525 525 320 240 0.64086008 0.26217923 -0.72110188 -0.39352703 0.91893071 -0.01561213 0.65868777 0.29388925 0.69224429 0.26571381 -0.13231465 0.20580213
heads/seq-01/frame-000202 PINHOLE 640 480 525 525 320 240 0.6415695 0.2623314 -0.72041506 -0.39374715 0.91882867 -0.016053775 0.65786469 0.29407206 0.69294864 0.26600641 -0.13245091 0.20551234
heads/seq-01/frame-000203 PINHOLE 640 480 525 525 320 240 0.62552243 0.26633972 -0.73294723 -0.39676592 0.91765511 -0.0051365043 0.67136592 0.29413247 0.67984968 0.27225113 -0.1321827 0.20168331
heads/seq-01/frame-000204 PINHOLE 640 480 525 525 320 240 0.61143023 0.26795721 -0.7441631 -0.40194121 0.91541415 -0.0006100015 0.6811974 0.29959503 0.66757357 0.27972937 -0.1327222 0.19694725
