stairs/seq-01/frame-000000 PINHOLE 640 480 525 525 320 240 0.93817085 0.16796641 -0.30248943 -0.26860735 0.90461522 -0.33076438 0.21809216 0.39159104 0.89383817 -1.4903377 -0.49737796 -0.054694783
stairs/seq-01/frame-000001 PINHOLE 640 480 525 525 320 240 0.9384104 0.16773692 -0.30187285 -0.26818979 0.90464264 -0.3310276 0.21757449 0.39162564 0.89394891 -1.4903431 -0.496407 -0.054840837
stairs/seq-01/frame-000002 PINHOLE 640 480 525 525 320 240 0.93805671 0.1682802 -0.30266851 -0.26888046 0.90469116 -0.33033395 0.21824585 0.39128038 0.89393628 -1.4901555 -0.49652845 -0.054867405
stairs/seq-01/frame-000003 PINHOLE 640 480 525 525 320 240 0.93691856 0.17049325 -0.30494648 -0.2718907 0.90392143 -0.3299762 0.21940205 0.39209974 0.89329398 -1.4906856 -0.49649736 -0.054092597
stairs/seq-01/frame-000004 PINHOLE 640 480 525 525 320 240 0.93694872 0.17037123 -0.30492166 -0.27210382 0.90334833 -0.33136693 0.21900818 0.39347112 0.89278752 -1.4902891 -0.49637714 -0.054318253
stairs/seq-01/frame-000005 PINHOLE 640 480 525 525 320 240 0.93687958 0.17003962 -0.30531889 -0.27177283 0.90371609 -0.33063501 0.21971367 0.39276952 0.89292306 -1.4898671 -0.49600372 -0.054711267
stairs/seq-01/frame-000006 PINHOLE 640 480 525 525 320 240 0.93640691 0.17055662 -0.30647835 -0.27266631 0.90359157 -0.33023974 0.2206198 0.39283201 0.89267206 -1.4904492 -0.49563473 -0.054364897
stairs/seq-01/frame-000007 PINHOLE 640 480 525 525 320 240 0.93631786 0.1706782 -0.30668211 -0.27338839 0.90260386 -0.33233717 0.22010288 0.39504373 0.89182305 -1.4901382 -0.49660033 -0.05405242
stairs/seq-01/frame-000008 PINHOLE 640 480 525 525 320 240 0.9363817 0.17147681 -0.30604038 -0.27371559 0.90275687 -0.33165124 0.21942267 0.39434746 0.89229858 -1.4891007 -0.49591169 -0.054901496
stairs/seq-01/frame-000009 PINHOLE 640 480 525 525 320 240 0.93592763 0.17066352 -0.30787808 -0.27392623 0.90237987 -0.33250204 0.22109024 0.39556113 0.89134914 -1.4896319 -0.49555743 -0.054066256
stairs/seq-01/frame-000010 PINHOLE 640 480 525 525 320 240 0.93606848 0.17122056 -0.30713972 -0.27432624 0.90199101 -0.33322674 0.21999507 0.396207 0.89133334 -1.4883981 -0.49584064 -0.054531612
stairs/seq-01/frame-000011 PINHOLE 640 480 525 525 320 240 0.93618631 0.17204027 -0.30632165 -0.27477524 0.90184003 -0.33326566 0.21893097 0.39619583 0.89160031 -1.4879211 -0.49558648 -0.05487166
stairs/seq-01/frame-000012 PINHOLE 640 480 525 525 320 240 0.93560863 0.17244595 -0.30785444 -0.27568892 0.90176135 -0.33272329 0.22024742 0.39619839 0.89127481 -1.489578 -0.49597883 -0.053710982
stairs/seq-01/frame-000013 PINHOLE 640 480 525 525 320 240 0.9355132 0.17215931 -0.30830458 -0.27587852 0.90129566 -0.33382577 0.22041535 0.39738062 0.89070672 -1.4892406 -0.49529648 -0.053393692
stairs/seq-01/frame-000014 PINHOLE 640 480 525 525 320 240 0.93575674 0.17226528 -0.30750549 -0.27600408 0.90070432 -0.33531442 0.21922147 0.39867321 0.89042372 -1.4882592 -0.49520737 -0.053638939
stairs/seq-01/frame-000015 PINHOLE 640 480 525 525 320 240 0.9352181 0.17242181 -0.30905196 -0.27667576 0.90071774 -0.33472455 0.22066779 0.39857537 0.89011014 -1.4878083 -0.49561319 -0.053745206
stairs/seq-01/frame-000016 PINHOLE 640 480 525 525 320 240 0.93417704 0.17336124 -0.31166363 -0.27857953 0.90032321 -0.33420613 0.22267273 0.39905867 0.88939399 -1.4881257 -0.49483475 -0.053096801
stairs/seq-01/frame-000017 PINHOLE 640 480 525 525 320 240 0.93395931 0.17221585 -0.31294858 -0.27848682 0.89967918 -0.33601287 0.22369979 0.40100235 0.88826132 -1.4863498 -0.49543986 -0.052625973
stairs/seq-01/frame-000018 PINHOLE 640 480 525 525 320 240 0.93297189 0.17175673 -0.31613004 -0.27916965 0.89984846 -0.3349914 0.22694544 0.40081933 0.88752031 -1.4861289 -0.4952507 -0.052387562
stairs/seq-01/frame-000019 PINHOLE 640 480 525 525 320 240 0.93181723 0.17334178 -0.31865993 -0.28195006 0.89876807 -0.3355625 0.22824773 0.40255713 0.88639909 -1.4864995 -0.4939324 -0.051614787
stairs/seq-01/frame-000020 PINHOLE 640 480 525 525 320 240 0.93136996 0.17418006 -0.31950933 -0.28380054 0.89721018 -0.33816126 0.22777942 0.40565839 0.88510478 -1.485049 -0.49554983 -0.051173456
stairs/seq-01/frame-000021 PINHOLE 640 480 525 525 320 240 0.9290424 0.17403355 -0.3262932 -0.28608489 0.89731199 -0.33595905 0.23433229 0.405496 0.88346702 -1.4839016 -0.49493194 -0.050286848
stairs/seq-01/frame-000022 PINHOLE 640 480 525 525 320 240 0.9284147 0.17383088 -0.32818198 -0.28719115 0.89630651 -0.33769473 0.23546349 0.40780011 0.88210452 -1.4832054 -0.49496382 -0.049579114
stairs/seq-01/frame-000023 PINHOLE 640 480 525 525 320 240 0.92771709 0.17305274 -0.33055729 -0.28780127 0.89569104 -0.33880645 0.23745953 0.40947986 0.88079035 -1.4811528 -0.49581674 -0.049196817
stairs/seq-01/frame-000024 PINHOLE 640 480 525 525 320 240 0.924209 0.17175007 -0.34090176 -0.29068291 0.89547694 -0.33690685 0.24742003 0.41049522 0.87757003 -1.4803991 -0.4936561 -0.04780836
stairs/seq-01/frame-000025 PINHOLE 640 480 525 525 320 240 0.92379326 0.17104353 -0.34238061 -0.29132849 0.89438838 -0.33923224 0.24821195 0.41315436 0.87609714 -1.4782602 -0.49372363 -0.047616728
stairs/seq-01/frame-000026 PINHOLE 640 480 525 525 320 240 0.9220922 0.17083694 -0.34703708 -0.29335716 0.89359897 -0.33956409 0.25211623 0.41494399 0.87413418 -1.4770194 -0.49523702 -0.046689477
stairs/seq-01/frame-000027 PINHOLE 640 480 525 525 320 240 0.91742277 0.17427103 -0.35754547 -0.30050018 0.8925724 -0.33599895 0.26059493 0.41572452 0.87127185 -1.4746001 -0.49543598 -0.04538136
stairs/seq-01/frame-000028 PINHOLE 640 480 525 525 320 240 0.91581607 0.17527334 -0.36115617 -0.30270764 0.89238375 -0.33451492 0.26367316 0.41570786 0.8703531 -1.4715476 -0.49722099 -0.045162968
stairs/seq-01/frame-000029 PINHOLE 640 480 525 525 320 240 0.91334987 0.1754279 -0.3672747 -0.30451179 0.89322054 -0.3306208 0.27007228 0.4138408 0.86927998 -1.4701532 -0.49699503 -0.045086157
stairs/seq-01/frame-000030 PINHOLE 640 480 525 525 320 240 0.91032451 0.17698459 -0.37397751 -0.30827203 0.89297682 -0.32778224 0.27595615 0.41370389 0.86749536 -1.4687018 -0.49742994 -0.044367392
stairs/seq-01/frame-000031 PINHOLE 640 480 525 525 320 240 0.90483522 0.17903946 -0.38612348 -0.31469718 0.89220601 -0.32375073 0.28655323 0.41448191 0.86367983 -1.4646941 -0.49667338 -0.043687768
stairs/seq-01/frame-000032 PINHOLE 640 480 525 525 320 240 0.90108234 0.18017454 -0.39428529 -0.3189328 0.89152378 -0.32147685 0.29360873 0.41545665 0.86083692 -1.462283 -0.49732521 -0.043068785
stairs/seq-01/frame-000033 PINHOLE 640 480 525 525 320 240 0.897291 0.18105127 -0.40244532 -0.32286963 0.89098471 -0.31903186 0.30082783 0.41623089 0.85796553 -1.460574 -0.49768338 -0.042358831
stairs/seq-01/frame-000034 PINHOLE 640 480 525 525 320 240 0.89308977 0.18369755 -0.41051054 -0.32810482 0.8903724 -0.31537944 0.30758941 0.41638187 0.85549128 -1.4574851 -0.49805152 -0.041796431
stairs/seq-01/frame-000035 PINHOLE 640 480 525 525 320 240 0.88494563 0.18569024 -0.42692286 -0.33590722 0.88957405 -0.30936074 0.3223514 0.41720325 0.84963596 -1.4528135 -0.49863681 -0.040636797
stairs/seq-01/frame-000036 PINHOLE 640 480 525 525 320 240 0.88188863 0.18604527 -0.43304959 -0.33803612 0.88990325 -0.30607736 0.3284454 0.41634193 0.84772211 -1.4500751 -0.49819463 -0.040556997
stairs/seq-01/frame-000037 PINHOLE 640 480 525 525 320 240 0.87834102 0.18714173 -0.43973538 -0.34111387 0.88991046 -0.30262229 0.33470944 0.41583481 0.84551799 -1.4467953 -0.49746999 -0.04035829
stairs/seq-01/frame-000038 PINHOLE 640 480 525 525 320 240 0.87103057 0.18797022 -0.45370147 -0.34689796 0.88940096 -0.29750106 0.3476193 0.41655016 0.83993822 -1.4418514 -0.49784356 -0.039289869
stairs/seq-01/frame-000039 PINHOLE 640 480 525 525 320 240 0.86761391 0.18898936 -0.45978364 -0.34953338 0.88955802 -0.29392505 0.35347387 0.41575286 0.83788729 -1.4408017 -0.49882627 -0.038734715
stairs/seq-01/frame-000040 PINHOLE 640 480 525 525 320 240 0.86450094 0.19026962 -0.46508875 -0.35203567 0.8897419 -0.29036018 0.35858083 0.41477415 0.83620059 -1.4373723 -0.5003289 -0.038629901
stairs/seq-01/frame-000041 PINHOLE 640 480 525 525 320 240 0.85925341 0.193372 -0.47345802 -0.35638538 0.89033437 -0.28314775 0.36680213 0.41205874 0.83397418 -1.4350179 -0.50208795 -0.038124077
stairs/seq-01/frame-000042 PINHOLE 640 480 525 525 320 240 0.85126054 0.19643903 -0.48645523 -0.36113313 0.89196783 -0.27176198 0.38053739 0.40704474 0.83027399 -1.429921 -0.50260645 -0.038404334
stairs/seq-01/frame-000043 PINHOLE 640 480 525 525 320 240 0.84617817 0.1966567 -0.49515608 -0.36316386 0.89288104 -0.26599553 0.38982567 0.40493184 0.82699144 -1.4275111 -0.50392669 -0.038228456
stairs/seq-01/frame-000044 PINHOLE 640 480 525 525 320 240 0.84225297 0.19657077 -0.50183702 -0.36385149 0.89425427 -0.26038286 0.39760676 0.40193185 0.82474738 -1.4241855 -0.50237793 -0.038762521
stairs/seq-01/frame-000045 PINHOLE 640 480 525 525 320 240 0.83909756 0.19619215 -0.50724208 -0.36506405 0.8944695 -0.2579349 0.4031285 0.40163785 0.82220614 -1.4209328 -0.50061148 -0.03914772
stairs/seq-01/frame-000046 PINHOLE 640 480 525 525 320 240 0.82977194 0.1956193 -0.52257252 -0.36924219 0.89461064 -0.25141522 0.41833863 0.40160257 0.8145898 -1.4137598 -0.50234842 -0.038560294
stairs/seq-01/frame-000047 PINHOLE 640 480 525 525 320 240 0.82359844 0.19633037 -0.53198671 -0.37316555 0.89399463 -0.24778681 0.42696708 0.40262547 0.8095926 -1.4137071 -0.50174701 -0.037123162
stairs/seq-01/frame-000048 PINHOLE 640 480 525 525 320 240 0.81916004 0.19717212 -0.53848833 -0.37650618 0.89316767 -0.24570654 0.43253607 0.40404686 0.80591995 -1.4123025 -0.5026443 -0.036094643
stairs/seq-01/frame-000049 PINHOLE 640 480 525 525 320 240 0.80635732 0.2013974 -0.55596435 -0.38535422 0.89207596 -0.23575339 0.44850516 0.40437445 0.79697698 -1.409281 -0.50378907 -0.033741094
stairs/seq-01/frame-000050 PINHOLE 640 480 525 525 320 240 0.80325109 0.20348303 -0.55968887 -0.38854063 0.89126229 -0.23359056 0.45132077 0.40512362 0.79500449 -1.4045087 -0.50291157 -0.03472326
stairs/seq-01/frame-000051 PINHOLE 640 480 525 525 320 240 0.79851514 0.20466322 -0.56599957 -0.39204279 0.89036673 -0.23114155 0.456664 0.40649611 0.79124361 -1.4029307 -0.50424343 -0.034079429
stairs/seq-01/frame-000052 PINHOLE 640 480 525 525 320 240 0.78497165 0.20799929 -0.58345914 -0.4002535 0.88916087 -0.22151028 0.47273862 0.40744093 0.78125381 -1.4014561 -0.50561494 -0.031765487
stairs/seq-01/frame-000053 PINHOLE 640 480 525 525 320 240 0.77994478 0.21035863 -0.58932489 -0.40368432 0.8887139 -0.21703175 0.4781107 0.40720421 0.7781015 -1.3989364 -0.50538141 -0.031923663
stairs/seq-01/frame-000054 PINHOLE 640 480 525 525 320 240 0.77917099 0.21086593 -0.59016633 -0.40402499 0.88885182 -0.21582967 0.47908336 0.40664053 0.77779788 -1.3900864 -0.50415331 -0.035509627
stairs/seq-01/frame-000055 PINHOLE 640 480 525 525 320 240 0.77006161 0.21175452 -0.60169202 -0.40849879 0.88814652 -0.21023981 0.48989591 0.40771857 0.77046371 -1.3796468 -0.50331932 -0.038023826
stairs/seq-01/frame-000056 PINHOLE 640 480 525 525 320 240 0.76209968 0.2128441 -0.61136675 -0.41330341 0.88680804 -0.20646524 0.49824494 0.41005778 0.76383954 -1.3779272 -0.50490469 -0.036947113
stairs/seq-01/frame-000057 PINHOLE 640 480 525 525 320 240 0.74854755 0.21634151 -0.62669003 -0.42107478 0.88522387 -0.1973597 0.51208943 0.41164738 0.75376189 -1.3824174 -0.50648439 -0.03233479
stairs/seq-01/frame-000058 PINHOLE 640 480 525 525 320 240 0.73649633 0.21930926 -0.63980001 -0.42741543 0.88400996 -0.18899304 0.52416778 0.41268408 0.74483955 -1.3747417 -0.50677246 -0.034087084
stairs/seq-01/frame-000059 PINHOLE 640 480 525 525 320 240 0.73643327 0.21930505 -0.63987386 -0.42607617 0.88507354 -0.18702909 0.52534515 0.41040042 0.74527162 -1.363585 -0.5039354 -0.039597504
stairs/seq-01/frame-000060 PINHOLE 640 480 525 525 320 240 0.71756983 0.21969768 -0.66082776 -0.43428788 0.88293386 -0.17803864 0.54437935 0.41477585 0.72901142 -1.3646811 -0.50423527 -0.034957416
stairs/seq-01/frame-000061 PINHOLE 640 480 525 525 320 240 0.70599961 0.2192641 -0.67331582 -0.43943229 0.88123298 -0.17379037 0.5552696 0.41860411 0.71853417 -1.3588185 -0.50223786 -0.034945868
stairs/seq-01/frame-000062 PINHOLE 640 480 525 525 320 240 0.70655471 0.21872406 -0.6729089 -0.43921435 0.88114905 -0.1747636 0.55473548 0.41906288 0.71867901 -1.3467577 -0.50162053 -0.040552087
stairs/seq-01/frame-000063 PINHOLE 640 480 525 525 320 240 0.68486452 0.22180483 -0.69399506 -0.44884381 0.8787145 -0.16209559 0.57389843 0.42254081 0.70138758 -1.3513666 -0.50346553 -0.033082455
stairs/seq-01/frame-000064 PINHOLE 640 480 525 525 320 240 0.68201876 0.22744791 -0.69497019 -0.45183408 0.87829053 -0.15596834 0.57493979 0.42041644 0.70181102 -1.3329676 -0.5020048 -0.040899087
stairs/seq-01/frame-000065 PINHOLE 640 480 525 525 320 240 0.66566074 0.22995833 -0.70984548 -0.45975748 0.87564254 -0.14746955 0.58768833 0.42455351 0.68863696 -1.3428513 -0.50434345 -0.031955332
stairs/seq-01/frame-000066 PINHOLE 640 480 525 525 320 240 0.66106224 0.23091365 -0.71382147 -0.46094054 0.87566304 -0.14360352 0.59193653 0.42399216 0.68533623 -1.3292392 -0.50664461 -0.035649847
stairs/seq-01/frame-000067 PINHOLE 640 480 525 525 320 240 0.66426051 0.22895919 -0.71147799 -0.45729905 0.87740749 -0.14459278 0.59117985 0.42143744 0.68756115 -1.3182349 -0.50388885 -0.040775981
stairs/seq-01/frame-000068 PINHOLE 640 480 525 525 320 240 0.65346599 0.2303914 -0.7209487 -0.46126583 0.87638819 -0.13802457 0.60006118 0.42277542 0.67899245 -1.3155613 -0.5061298 -0.037903562
stairs/seq-01/frame-000069 PINHOLE 640 480 525 525 320 240 0.6406638 0.23473728 -0.73096728 -0.46749634 0.87447101 -0.12892027 0.60897744 0.42435133 0.67001134 -1.3152317 -0.50757056 -0.034025215
stairs/seq-01/frame-000070 PINHOLE 640 480 525 525 320 240 0.65168935 0.23549718 -0.72090691 -0.46419117 0.87552619 -0.13361515 0.59973657 0.4217464 0.67991823 -1.2943113 -0.50704724 -0.044495393
stairs/seq-01/frame-000071 PINHOLE 640 480 525 525 320 240 0.63889879 0.24135786 -0.73035568 -0.47014689 0.87397939 -0.1224529 0.60879064 0.42164162 0.67188907 -1.2919487 -0.50661957 -0.041396894
stairs/seq-01/frame-000072 PINHOLE 640 480 525 525 320 240 0.63068485 0.24377342 -0.73666519 -0.47416046 0.87252837 -0.11721255 0.614218 0.42325401 0.66590905 -1.2849548 -0.51029021 -0.040047638
stairs/seq-01/frame-000073 PINHOLE 640 480 525 525 320 240 0.63692898 0.24297586 -0.73153841 -0.4715265 0.87351966 -0.12041001 0.60978645 0.42166469 0.67097086 -1.2714273 -0.50984561 -0.045924082
stairs/seq-01/frame-000074 PINHOLE 640 480 525 525 320 240 0.63275832 0.24560432 -0.73427492 -0.47525558 0.87183493 -0.11793319 0.61123168 0.4236238 0.66841698 -1.2629316 -0.50875956 -0.046291038
stairs/seq-01/frame-000075 PINHOLE 640 480 525 525 320 240 0.63062543 0.24606925 -0.73595202 -0.47749171 0.87059385 -0.11806753 0.61169243 0.42589992 0.66654605 -1.2522358 -0.51227677 -0.046907969
stairs/seq-01/frame-000076 PINHOLE 640 480 525 525 320 240 0.621593 0.24937597 -0.74249405 -0.48164287 0.86919934 -0.11128502 0.61765373 0.42682365 0.66042966 -1.2509736 -0.51332629 -0.042220756
stairs/seq-01/frame-000077 PINHOLE 640 480 525 525 320 240 0.62941366 0.24974629 -0.7357502 -0.48021403 0.86941457 -0.11569175 0.61080837 0.42616835 0.66718465 -1.2361416 -0.51514822 -0.047684826
stairs/seq-01/frame-000078 PINHOLE 640 480 525 525 320 240 0.62094319 0.25181368 -0.74221438 -0.48305538 0.86865252 -0.10941784 0.61720365 0.42650586 0.66105503 -1.2334008 -0.51801831 -0.043737203
stairs/seq-01/frame-000079 PINHOLE 640 480 525 525 320 240 0.62616861 0.25223625 -0.73766673 -0.48175737 0.86907369 -0.11177077 0.61292404 0.42539671 0.66573477 -1.2218131 -0.51987183 -0.047877047
stairs/seq-01/frame-000080 PINHOLE 640 480 525 525 320 240 0.62546599 0.25230235 -0.73823988 -0.48026213 0.87018967 -0.10949947 0.61481184 0.42306986 0.66547674 -1.2086526 -0.52569842 -0.049530327
stairs/seq-01/frame-000081 PINHOLE 640 480 525 525 320 240 0.62217891 0.24994884 -0.74180943 -0.47747111 0.87208015 -0.1066274 0.6202963 0.4205668 0.66196454 -1.1991742 -0.52864027 -0.050820787
stairs/seq-01/frame-000082 PINHOLE 640 480 525 525 320 240 0.61967278 0.25058544 -0.74369001 -0.47755554 0.87235326 -0.10398058 0.62273502 0.41962007 0.66027331 -1.1934524 -0.5302977 -0.051072568
stairs/seq-01/frame-000083 PINHOLE 640 480 525 525 320 240 0.61611044 0.25835204 -0.74399215 -0.47891936 0.87278938 -0.093523137 0.62521708 0.41396537 0.66149586 -1.1801207 -0.53426468 -0.054742221
stairs/seq-01/frame-000084 PINHOLE 640 480 525 525 320 240 0.60222971 0.26746613 -0.75209266 -0.48613465 0.87015772 -0.079813488 0.63312262 0.41371691 0.65409058 -1.1711845 -0.5377785 -0.053938337
stairs/seq-01/frame-000085 PINHOLE 640 480 525 525 320 240 0.59806007 0.27012867 -0.75446445 -0.48675171 0.87030596 -0.07424099 0.63659132 0.41166997 0.65201193 -1.159919 -0.54073727 -0.055220295
stairs/seq-01/frame-000086 PINHOLE 640 480 525 525 320 240 0.59871447 0.27310029 -0.75287372 -0.48537821 0.87143302 -0.06988477 0.63702458 0.40730193 0.65432787 -1.159297 -0.54420787 -0.060980383
stairs/seq-01/frame-000087 PINHOLE 640 480 525 525 320 240 0.59170312 0.27755719 -0.75677645 -0.48526987 0.87226337 -0.059506174 0.64362347 0.40248305 0.65084267 -1.1437793 -0.54616147 -0.063086368
stairs/seq-01/frame-000088 PINHOLE 640 480 525 525 320 240 0.5892908 0.27733293 -0.75873804 -0.48195335 0.87441361 -0.054705635 0.64831114 0.39794606 0.64897704 -1.1366409 -0.5478217 -0.066570073
stairs/seq-01/frame-000089 PINHOLE 640 480 525 525 320 240 0.58363909 0.27792385 -0.7628786 -0.4823398 0.87445682 -0.05044087 0.65311801 0.39743832 0.64445233 -1.1336619 -0.55133688 -0.066861339
stairs/seq-01/frame-000090 PINHOLE 640 480 525 525 320 240 0.57409465 0.2819311 -0.76862878 -0.48318908 0.87452215 -0.040125486 0.6609031 0.39446113 0.63831568 -1.1242663 -0.54739684 -0.068491518
stairs/seq-01/frame-000091 PINHOLE 640 480 525 525 320 240 0.57085764 0.28001449 -0.77173394 -0.48409021 0.87398446 -0.040970899 0.66304386 0.39700991 0.63450396 -1.1131468 -0.55103427 -0.070050187
stairs/seq-01/frame-000092 PINHOLE 640 480 525 525 320 240 0.56899911 0.28259435 -0.77216578 -0.48840332 0.87158388 -0.040919591 0.66147631 0.40044424 0.63398165 -1.1035348 -0.55366057 -0.072279662
stairs/seq-01/frame-000093 PINHOLE 640 480 525 525 320 240 0.56118262 0.28753194 -0.77605325 -0.48949131 0.87137872 -0.031112833 0.66732335 0.39736399 0.62977815 -1.096135 -0.5566352 -0.073459819
stairs/seq-01/frame-000094 PINHOLE 640 480 525 525 320 240 0.55525613 0.28945258 -0.77959383 -0.48850855 0.87215137 -0.02411695 0.67297655 0.39426187 0.6256988 -1.0849186 -0.56089908 -0.074509524
stairs/seq-01/frame-000095 PINHOLE 640 480 525 525 320 240 0.55357629 0.28890708 -0.78098935 -0.48394197 0.87481064 -0.019411858 0.67764318 0.38873178 0.62412012 -1.0803632 -0.55905497 -0.075287022
stairs/seq-01/frame-000096 PINHOLE 640 480 525 525 320 240 0.55199879 0.29020014 -0.78162599 -0.48436397 0.87462038 -0.017340809 0.67862749 0.38819596 0.6233834 -1.0721033 -0.56206679 -0.073847763
stairs/seq-01/frame-000097 PINHOLE 640 480 525 525 320 240 0.55125725 0.29336977 -0.78096563 -0.4856416 0.87396336 -0.014494479 0.67831683 0.387292 0.62428278 -1.0753351 -0.55601537 -0.071555495
stairs/seq-01/frame-000098 PINHOLE 640 480 525 525 320 240 0.55278069 0.2929455 -0.78004736 -0.48817173 0.87248129 -0.018284975 0.67525381 0.39093733 0.62533021 -1.0630913 -0.56110889 -0.069955558
stairs/seq-01/frame-000099 PINHOLE 640 480 525 525 320 240 0.54658288 0.29829693 -0.78238314 -0.48998317 0.8715995 -0.0099972663 0.67897648 0.38885161 0.62259364 -1.0612059 -0.55406189 -0.06663125
stairs/seq-01/frame-000100 PINHOLE 640 480 525 525 320 240 0.54525107 0.29584891 -0.78423953 -0.49310449 0.86977011 -0.014722502 0.67778647 0.39477262 0.62015921 -1.0516446 -0.55899185 -0.062888473
stairs/seq-01/frame-000101 PINHOLE 640 480 525 525 320 240 0.54266208 0.29399914 -0.78672677 -0.49088708 0.8710494 -0.013090642 0.68146384 0.3933309 0.61703742 -1.0470915 -0.55668408 -0.060224123
stairs/seq-01/frame-000102 PINHOLE 640 480 525 525 320 240 0.53704464 0.29453531 -0.79037231 -0.49120939 0.8709172 -0.0092187338 0.68566847 0.39322239 0.61243117 -1.0403099 -0.54988593 -0.055847682
stairs/seq-01/frame-000103 PINHOLE 640 480 525 525 320 240 0.53591985 0.28626624 -0.79416466 -0.49433705 0.86895585 -0.020364916 0.68429917 0.4035328 0.60723364 -1.0259109 -0.55492014 -0.048345529
stairs/seq-01/frame-000104 PINHOLE 640 480 525 525 320 240 0.53812784 0.28391525 -0.79351521 -0.49671221 0.8674348 -0.02648657 0.68083757 0.40843597 0.60784602 -1.0097288 -0.55806309 -0.042949278
stairs/seq-01/frame-000105 PINHOLE 640 480 525 525 320 240 0.54167432 0.27930719 -0.79273707 -0.49391362 0.86886901 -0.031359386 0.68006068 0.40856439 0.60862875 -0.99394083 -0.56289905 -0.03632107
stairs/seq-01/frame-000106 PINHOLE 640 480 525 525 320 240 0.54262811 0.27698076 -0.79290086 -0.49393937 0.86873275 -0.034561571 0.67928106 0.41043332 0.60824162 -0.9798519 -0.56403714 -0.02680427
stairs/seq-01/frame-000107 PINHOLE 640 480 525 525 320 240 0.54467523 0.28066143 -0.79019827 -0.49802545 0.86635566 -0.035573639 0.67464334 0.41294929 0.61169034 -0.96230042 -0.56490189 -0.0189237
stairs/seq-01/frame-000108 PINHOLE 640 480 525 525 320 240 0.5444957 0.28634423 -0.78828049 -0.50434023 0.86271876 -0.03498419 0.6700815 0.41664493 0.6141932 -0.94672024 -0.57164687 -0.0086496919
stairs/seq-01/frame-000109 PINHOLE 640 480 525 525 320 240 0.54395008 0.28460601 -0.78928602 -0.50613695 0.86153102 -0.038157497 0.66916907 0.42027757 0.61271095 -0.93101758 -0.57514054 0.0006938061
stairs/seq-01/frame-000110 PINHOLE 640 480 525 525 320 240 0.54652631 0.28065854 -0.78891957 -0.5035271 0.86288762 -0.041848462 0.66903841 0.42014894 0.6129415 -0.91384453 -0.58181262 0.011129321
stairs/seq-01/frame-000111 PINHOLE 640 480 525 525 320 240 0.55145097 0.27561378 -0.78726923 -0.49618247 0.86702394 -0.044022523 0.67048305 0.41494054 0.6149078 -0.89586246 -0.58300096 0.020507863
stairs/seq-01/frame-000112 PINHOLE 640 480 525 525 320 240 0.55850464 0.28083673 -0.78042096 -0.49913791 0.8652308 -0.04585135 0.66240215 0.41518107 0.62344414 -0.87853074 -0.58847708 0.032322157
stairs/seq-01/frame-000113 PINHOLE 640 480 525 525 320 240 0.56388491 0.28014609 -0.77679163 -0.4975332 0.8659901 -0.04885307 0.6590426 0.41406229 0.62773365 -0.86280686 -0.59696412 0.042542387
stairs/seq-01/frame-000114 PINHOLE 640 480 525 525 320 240 0.56765527 0.27789885 -0.77485031 -0.49396244 0.86793184 -0.050595794 0.65849137 0.41150296 0.62999076 -0.84468186 -0.59894341 0.04902393
stairs/seq-01/frame-000115 PINHOLE 640 480 525 525 320 240 0.57499903 0.28261787 -0.76769561 -0.49514359 0.86719871 -0.051612131 0.65119213 0.4098314 0.6386084 -0.83355516 -0.59525365 0.058953553
stairs/seq-01/frame-000116 PINHOLE 640 480 525 525 320 240 0.58975548 0.28602257 -0.75513768 -0.50267965 0.86185992 -0.066144019 0.63193721 0.41863653 0.6520986 -0.81960613 -0.60454434 0.068366334
stairs/seq-01/frame-000117 PINHOLE 640 480 525 525 320 240 0.60371965 0.29618821 -0.74003285 -0.50704008 0.85900927 -0.069838539 0.61504167 0.4174245 0.66881526 -0.80779183 -0.60599202 0.076546632
stairs/seq-01/frame-000118 PINHOLE 640 480 525 525 320 240 0.61189371 0.29732347 -0.73282892 -0.50783741 0.85802203 -0.075916201 0.60624325 0.41864598 0.67604578 -0.7932573 -0.61509877 0.080930188
stairs/seq-01/frame-000119 PINHOLE 640 480 525 525 320 240 0.61784381 0.30261222 -0.72563618 -0.50783432 0.85814559 -0.07452523 0.60018051 0.41458327 0.68391293 -0.78215438 -0.61644912 0.084903829
stairs/seq-01/frame-000120 PINHOLE 640 480 525 525 320 240 0.62063897 0.30646154 -0.72162402 -0.51030689 0.85662723 -0.0751004 0.59517831 0.41489545 0.6880821 -0.76710492 -0.62852937 0.096639976
stairs/seq-01/frame-000121 PINHOLE 640 480 525 525 320 240 0.6344583 0.30828828 -0.70871258 -0.50531125 0.85927147 -0.078588814 0.58477879 0.40801689 0.70099086 -0.76864517 -0.62068641 0.089826331
stairs/seq-01/frame-000122 PINHOLE 640 480 525 525 320 240 0.64556742 0.30962527 -0.69801646 -0.50625676 0.85783148 -0.087702706 0.57165515 0.41002896 0.71057612 -0.75649154 -0.62838334 0.095038496
stairs/seq-01/frame-000123 PINHOLE 640 480 525 525 320 240 0.66047728 0.31619111 -0.68091482 -0.50577414 0.85762888 -0.092345029 0.55480218 0.4054161 0.72640485 -0.75368911 -0.61776263 0.09644305
stairs/seq-01/frame-000124 PINHOLE 640 480 525 525 320 240 0.677338 0.309699 -0.66719675 -0.50584674 0.85459143 -0.11685386 0.53401858 0.41668475 0.73554701 -0.73429775 -0.63371712 0.10362004
stairs/seq-01/frame-000125 PINHOLE 640 480 525 525 320 240 0.68692702 0.30303651 -0.6604178 -0.50100821 0.8557775 -0.12844253 0.52627504 0.41914153 0.73972034 -0.72753465 -0.63385105 0.1058549
stairs/seq-01/frame-000126 PINHOLE 640 480 525 525 320 240 0.69922101 0.29678088 -0.65027887 -0.49713722 0.85554248 -0.14409459 0.51360291 0.4240683 0.7457943 -0.71284378 -0.64668763 0.11348076
stairs/seq-01/frame-000127 PINHOLE 640 480 525 525 320 240 0.71236277 0.2857061 -0.64090765 -0.48160443 0.86329657 -0.15045761 0.510333 0.41588047 0.75261819 -0.7054261 -0.64260292 0.11281033
stairs/seq-01/frame-000128 PINHOLE 640 480 525 525 320 240 0.72899431 0.28243542 -0.62341696 -0.47288218 0.86630553 -0.16049355 0.49476603 0.41183749 0.76513183 -0.69709629 -0.64789426 0.11460273
stairs/seq-01/frame-000129 PINHOLE 640 480 525 525 320 240 0.74565375 0.28229108 -0.603459 -0.46828184 0.86632299 -0.173371 0.47387365 0.41189963 0.77821106 -0.68316007 -0.65157557 0.11227894
stairs/seq-01/frame-000130 PINHOLE 640 480 525 525 320 240 0.75694656 0.28308079 -0.58885258 -0.46306688 0.86820978 -0.17787947 0.46091715 0.40735927 0.78831685 -0.67240751 -0.65581125 0.11102779
stairs/seq-01/frame-000131 PINHOLE 640 480 525 525 320 240 0.772093 0.2811648 -0.5697968 -0.45704311 0.86868924 -0.19065793 0.44139299 0.40766332 0.79925716 -0.65688396 -0.65968257 0.10938257
stairs/seq-01/frame-000132 PINHOLE 640 480 525 525 320 240 0.7813732 0.28042969 -0.55737305 -0.45156491 0.87058133 -0.19503136 0.43056831 0.40411815 0.80692536 -0.64820558 -0.65789133 0.10735985
stairs/seq-01/frame-000133 PINHOLE 640 480 525 525 320 240 0.78928375 0.2786212 -0.54703826 -0.44678786 0.87177438 -0.200624 0.42101765 0.40279499 0.81260657 -0.63832253 -0.6604048 0.1064157
stairs/seq-01/frame-000134 PINHOLE 640 480 525 525 320 240 0.79907387 0.27639243 -0.53379524 -0.44212097 0.87184584 -0.21041222 0.4072521 0.40417278 0.81891322 -0.62616873 -0.65991545 0.10367522
stairs/seq-01/frame-000135 PINHOLE 640 480 525 525 320 240 0.80758733 0.28063199 -0.51855302 -0.44114664 0.87106293 -0.21563405 0.39119896 0.40293717 0.82730502 -0.61504745 -0.65924525 0.10052519
stairs/seq-01/frame-000136 PINHOLE 640 480 525 525 320 240 0.81878799 0.27767742 -0.50232476 -0.43561247 0.87047148 -0.2288668 0.37372783 0.40624851 0.83373743 -0.59621727 -0.6662308 0.098896965
stairs/seq-01/frame-000137 PINHOLE 640 480 525 525 320 240 0.82255459 0.27673173 -0.49666089 -0.43140331 0.87273896 -0.22820342 0.37032363 0.40200692 0.83730489 -0.59336323 -0.66128635 0.095258236
stairs/seq-01/frame-000138 PINHOLE 640 480 525 525 320 240 0.83248878 0.27159953 -0.48274678 -0.42587489 0.87108594 -0.24433301 0.35417175 0.40903077 0.84088308 -0.57942265 -0.6737147 0.098290958
stairs/seq-01/frame-000139 PINHOLE 640 480 525 525 320 240 0.85237366 0.26970544 -0.44784597 -0.41129225 0.87472945 -0.2560187 0.32271138 0.40245545 0.85657161 -0.54248595 -0.66988945 0.086488403
stairs/seq-01/frame-000140 PINHOLE 640 480 525 525 320 240 0.85203958 0.26847652 -0.44921753 -0.41126338 0.87430048 -0.25752592 0.32362843 0.40420544 0.85540062 -0.54976642 -0.67385703 0.089143991
stairs/seq-01/frame-000141 PINHOLE 640 480 525 525 320 240 0.86278063 0.26209655 -0.43215999 -0.39922056 0.87773466 -0.26469398 0.30996278 0.40093637 0.8619746 -0.53167856 -0.67212379 0.085688531
stairs/seq-01/frame-000142 PINHOLE 640 480 525 525 320 240 0.86569726 0.26264253 -0.42595071 -0.39911956 0.87580997 -0.27114257 0.30185416 0.40476927 0.86305994 -0.5262531 -0.67732489 0.089317672
stairs/seq-01/frame-000143 PINHOLE 640 480 525 525 320 240 0.86942524 0.26381221 -0.41755182 -0.3983278 0.8743403 -0.27698657 0.29202521 0.40717852 0.86530536 -0.5225352 -0.67658925 0.089296505
stairs/seq-01/frame-000144 PINHOLE 640 480 525 525 320 240 0.87767589 0.26090357 -0.40182158 -0.39111874 0.874542 -0.28646058 0.27668571 0.40861654 0.86965704 -0.5063743 -0.67998087 0.09061189
stairs/seq-01/frame-000145 PINHOLE 640 480 525 525 320 240 0.88325447 0.25660515 -0.39225122 -0.38494754 0.87454265 -0.29469964 0.2674329 0.41132826 0.87127173 -0.49522656 -0.68370694 0.091956414
stairs/seq-01/frame-000146 PINHOLE 640 480 525 525 320 240 0.88894504 0.24983092 -0.38367483 -0.37462842 0.87861723 -0.29587618 0.26319814 0.40679044 0.87468493 -0.4888005 -0.68192583 0.092667341
stairs/seq-01/frame-000147 PINHOLE 640 480 525 525 320 240 0.89091027 0.25220066 -0.37751591 -0.37480706 0.87778282 -0.29811731 0.25620502 0.40712881 0.87660146 -0.48518524 -0.68963838 0.099711418
stairs/seq-01/frame-000148 PINHOLE 640 480 525 525 320 240 0.89329284 0.25235897 -0.3717351 -0.37243676 0.87866575 -0.29848632 0.25131834 0.40512079 0.87894315 -0.48563033 -0.68587857 0.098392196
stairs/seq-01/frame-000149 PINHOLE 640 480 525 525 320 240 0.90054423 0.2430972 -0.36023232 -0.3613725 0.87928987 -0.31002516 0.24139512 0.40940708 0.87973768 -0.4735842 -0.7018953 0.10803085
stairs/seq-01/frame-000150 PINHOLE 640 480 525 525 320 240 0.89927715 0.24314041 -0.36335453 -0.36000162 0.88336146 -0.29987904 0.24807383 0.40051979 0.88196766 -0.47984993 -0.69279474 0.10598204
stairs/seq-01/frame-000151 PINHOLE 640 480 525 525 320 240 0.90432286 0.24592501 -0.34866044 -0.35933167 0.87956488 -0.31161204 0.23004839 0.40712026 0.88382941 -0.46940073 -0.70333672 0.1149187
stairs/seq-01/frame-000152 PINHOLE 640 480 525 525 320 240 0.90475595 0.24751291 -0.34640554 -0.35902908 0.88083291 -0.30836159 0.22881401 0.40339917 0.88585359 -0.46772191 -0.70575237 0.11781941
stairs/seq-01/frame-000153 PINHOLE 640 480 525 525 320 240 0.90749907 0.24449337 -0.34133705 -0.35424098 0.8822366 -0.30988267 0.22538771 0.40217134 0.88728893 -0.46244463 -0.70881921 0.12350475
stairs/seq-01/frame-000154 PINHOLE 640 480 525 525 320 240 0.90732783 0.24172489 -0.34375471 -0.35225421 0.88352096 -0.30848485 0.22915815 0.40102345 0.88684237 -0.46460515 -0.70699751 0.12493659
stairs/seq-01/frame-000155 PINHOLE 640 480 525 525 320 240 0.90812415 0.23625757 -0.34544829 -0.34865946 0.88362527 -0.31224668 0.23148853 0.40404025 0.88486552 -0.45857462 -0.71915352 0.13773577
stairs/seq-01/frame-000156 PINHOLE 640 480 525 525 320 240 0.90773839 0.23738527 -0.34568918 -0.34903151 0.88459527 -0.30906832 0.23243909 0.40124714 0.88588661 -0.46040675 -0.7184853 0.14054023
stairs/seq-01/frame-000157 PINHOLE 640 480 525 525 320 240 0.91069138 0.23076232 -0.34239101 -0.34230924 0.88563043 -0.31358898 0.23087974 0.4028241 0.88557851 -0.44973445 -0.73090488 0.15341052
stairs/seq-01/frame-000158 PINHOLE 640 480 525 525 320 240 0.90510362 0.2330564 -0.35540602 -0.34729904 0.88755965 -0.30244941 0.24496946 0.39721769 0.88432461 -0.46013367 -0.72798669 0.15692987
stairs/seq-01/frame-000159 PINHOLE 640 480 525 525 320 240 0.90993047 0.22959128 -0.34518826 -0.34057292 0.88871777 -0.30666772 0.23637947 0.39664572 0.88691527 -0.44441506 -0.73768461 0.16915579
stairs/seq-01/frame-000160 PINHOLE 640 480 525 525 320 240 0.90633881 0.22921441 -0.35475466 -0.34198108 0.89114863 -0.29792112 0.2478648 0.39137426 0.88612127 -0.45111775 -0.73443115 0.17241226
stairs/seq-01/frame-000161 PINHOLE 640 480 525 525 320 240 0.90606576 0.22963598 -0.35517898 -0.34197792 0.8918649 -0.29577363 0.24886495 0.38949102 0.88667035 -0.44667256 -0.73727852 0.18336505
stairs/seq-01/frame-000162 PINHOLE 640 480 525 525 320 240 0.90602207 0.22724876 -0.35682163 -0.34013915 0.89279962 -0.29507288 0.25152898 0.38874891 0.88624394 -0.44836739 -0.73630595 0.18722048
stairs/seq-01/frame-000163 PINHOLE 640 480 525 525 320 240 0.9076122 0.21892028 -0.35798538 -0.33239257 0.89575344 -0.29494891 0.2561104 0.38672826 0.88581574 -0.44439563 -0.73913413 0.19981819
stairs/seq-01/frame-000164 PINHOLE 640 480 525 525 320 240 0.9084084 0.2152949 -0.35816425 -0.33002314 0.8953371 -0.29884794 0.25635144 0.38971603 0.88443547 -0.44290847 -0.74203032 0.20785074
stairs/seq-01/frame-000165 PINHOLE 640 480 525 525 320 240 0.90790528 0.21489595 -0.35967615 -0.3288357 0.89741451 -0.29388469 0.25963831 0.38513112 0.88548428 -0.43987662 -0.74523735 0.22060184
stairs/seq-01/frame-000166 PINHOLE 640 480 525 525 320 240 0.90684175 0.21675113 -0.36124226 -0.33163726 0.89605528 -0.29488233 0.25979131 0.38725042 0.88451445 -0.43613625 -0.74951875 0.22850469
stairs/seq-01/frame-000167 PINHOLE 640 480 525 525 320 240 0.90702057 0.21952979 -0.35910869 -0.3320348 0.89750546 -0.28998366 0.2586562 0.38229492 0.88699895 -0.43199959 -0.74608463 0.23854838
stairs/seq-01/frame-000168 PINHOLE 640 480 525 525 320 240 0.90964776 0.2154316 -0.35492048 -0.32850897 0.89617699 -0.29799679 0.25388762 0.38770431 0.88602823 -0.42137206 -0.75444341 0.24817634
stairs/seq-01/frame-000169 PINHOLE 640 480 525 525 320 240 0.90907764 0.21558119 -0.35628796 -0.32807347 0.89767778 -0.29393166 0.2564798 0.38413283 0.88683683 -0.41926461 -0.75607985 0.25995225
stairs/seq-01/frame-000170 PINHOLE 640 480 525 525 320 240 0.90557802 0.21408877 -0.36596823 -0.330107 0.8976509 -0.29172805 0.26607081 0.38502872 0.88361657 -0.42916352 -0.75765538 0.26615539
stairs/seq-01/frame-000171 PINHOLE 640 480 525 525 320 240 0.90331346 0.21850915 -0.36893991 -0.33466858 0.89714438 -0.2880657 0.26806217 0.38372359 0.88358217 -0.42562678 -0.75781375 0.27580288
stairs/seq-01/frame-000172 PINHOLE 640 480 525 525 320 240 0.90142941 0.21898498 -0.37324044 -0.33671325 0.89668113 -0.28712368 0.27181682 0.38453424 0.88208139 -0.4268637 -0.75935346 0.28090656
stairs/seq-01/frame-000173 PINHOLE 640 480 525 525 320 240 0.89888382 0.21963602 -0.37895307 -0.33871284 0.89707923 -0.28350544 0.2776981 0.38323236 0.88081485 -0.4296633 -0.75488031 0.28863096
stairs/seq-01/frame-000174 PINHOLE 640 480 525 525 320 240 0.89950919 0.22129026 -0.37649894 -0.34158531 0.89362705 -0.29086608 0.27209857 0.39028114 0.87946624 -0.42440003 -0.76006055 0.29505673
stairs/seq-01/frame-000175 PINHOLE 640 480 525 525 320 240 0.89877373 0.22213145 -0.37775788 -0.34382963 0.89186472 -0.29361784 0.2717019 0.39381844 0.87801081 -0.41979563 -0.76839966 0.3017019
stairs/seq-01/frame-000176 PINHOLE 640 480 525 525 320 240 0.8964414 0.21613114 -0.38667512 -0.34036589 0.89469743 -0.28899887 0.2835111 0.39071956 0.87565827 -0.42208514 -0.7623316 0.30586672
stairs/seq-01/frame-000177 PINHOLE 640 480 525 525 320 240 0.89627266 0.21272002 -0.38895071 -0.34021065 0.89251745 -0.2958414 0.28422952 0.39751813 0.87235922 -0.41774428 -0.77058649 0.31324223
stairs/seq-01/frame-000178 PINHOLE 640 480 525 525 320 240 0.89348239 0.2141411 -0.39455 -0.34249902 0.89330626 -0.29077613 0.29020292 0.39497468 0.87154734 -0.41493937 -0.77226627 0.31869057
stairs/seq-01/frame-000179 PINHOLE 640 480 525 525 320 240 0.89092821 0.21564086 -0.39947823 -0.3455005 0.89286286 -0.28857857 0.29446626 0.39516112 0.87003154 -0.41332179 -0.77753443 0.32369229
stairs/seq-01/frame-000180 PINHOLE 640 480 525 525 320 240 0.89057863 0.2189464 -0.39845839 -0.34660459 0.89409322 -0.28339878 0.29422599 0.39053461 0.872199 -0.41141731 -0.77472013 0.32716721
stairs/seq-01/frame-000181 PINHOLE 640 480 525 525 320 240 0.88924325 0.22278136 -0.39931411 -0.35035601 0.89308453 -0.28196242 0.29382136 0.39067358 0.87227303 -0.40936077 -0.77720422 0.32976374
stairs/seq-01/frame-000182 PINHOLE 640 480 525 525 320 240 0.88791847 0.22800045 -0.39931616 -0.35424167 0.89281958 -0.27791765 0.29316783 0.38826081 0.87356925 -0.41036832 -0.77509779 0.33227864
stairs/seq-01/frame-000183 PINHOLE 640 480 525 525 320 240 0.89127225 0.22270063 -0.39481008 -0.3487848 0.89319587 -0.28355253 0.28951117 0.39046466 0.87380624 -0.40551895 -0.77897239 0.33786485
stairs/seq-01/frame-000184 PINHOLE 640 480 525 525 320 240 0.89166069 0.21968302 -0.39562255 -0.34546286 0.89511019 -0.28157529 0.29228449 0.38778085 0.87407804 -0.4057329 -0.77802032 0.33971891
stairs/seq-01/frame-000185 PINHOLE 640 480 525 525 320 240 0.89547724 0.22143224 -0.38590765 -0.34509042 0.89310855 -0.28830743 0.28083214 0.39138439 0.87622368 -0.39138582 -0.78402847 0.34576213
stairs/seq-01/frame-000186 PINHOLE 640 480 525 525 320 240 0.89197445 0.22658473 -0.39099488 -0.35034159 0.89319646 -0.28162375 0.28543925 0.38822153 0.87614185 -0.39589906 -0.7809931 0.34439734
stairs/seq-01/frame-000187 PINHOLE 640 480 525 525 320 240 0.89106905 0.23040314 -0.39082745 -0.35310438 0.8930614 -0.2785849 0.28486171 0.38627985 0.87718737 -0.39027578 -0.78348327 0.3483831
stairs/seq-01/frame-000188 PINHOLE 640 480 525 525 320 240 0.89072913 0.23201875 -0.39064592 -0.35385272 0.89352238 -0.27614626 0.2849955 0.38424125 0.87803876 -0.38732272 -0.78418654 0.34932202
stairs/seq-01/frame-000189 PINHOLE 640 480 525 525 320 240 0.89247888 0.23133557 -0.38704041 -0.35138392 0.89469457 -0.27550226 0.28256515 0.38191831 0.87983567 -0.37592101 -0.78811842 0.35415152
stairs/seq-01/frame-000190 PINHOLE 640 480 525 525 320 240 0.89191437 0.23240817 -0.3876985 -0.3513343 0.8960517 -0.27112004 0.2844032 0.37806597 0.88090652 -0.37515542 -0.7860204 0.35194585
stairs/seq-01/frame-000191 PINHOLE 640 480 525 525 320 240 0.89211565 0.23207745 -0.38743299 -0.35021529 0.89711636 -0.26903874 0.28515056 0.37573686 0.88166094 -0.37308049 -0.7868464 0.35250118
stairs/seq-01/frame-000192 PINHOLE 640 480 525 525 320 240 0.89440662 0.22922571 -0.38383147 -0.34514603 0.89969653 -0.26696566 0.28415236 0.37129188 0.88386333 -0.36338544 -0.78847891 0.35520113
stairs/seq-01/frame-000193 PINHOLE 640 480 525 525 320 240 0.89384508 0.23111413 -0.38400689 -0.34582311 0.90062356 -0.26293278 0.28509414 0.36785761 0.88499528 -0.36203933 -0.7868551 0.35500777
stairs/seq-01/frame-000194 PINHOLE 640 480 525 525 320 240 0.89929211 0.23253986 -0.37017927 -0.34175164 0.90197074 -0.26363698 0.2726 0.36363387 0.89065933 -0.34728077 -0.79151487 0.35891774
stairs/seq-01/frame-000195 PINHOLE 640 480 525 525 320 240 0.9008798 0.23073718 -0.36743698 -0.33819067 0.90391749 -0.26155302 0.27179796 0.35992923 0.89240748 -0.34617344 -0.78838784 0.35649323
stairs/seq-01/frame-000196 PINHOLE 640 480 525 525 320 240 0.90537649 0.22892252 -0.35738134 -0.33290994 0.90531588 -0.26348379 0.26324037 0.35756558 0.89591581 -0.33561146 -0.79134232 0.35797134
stairs/seq-01/frame-000197 PINHOLE 640 480 525 525 320 240 0.90752953 0.22823749 -0.3523227 -0.33009574 0.90646678 -0.26306695 0.25934163 0.35507888 0.89803916 -0.32973373 -0.79092711 0.35770208
stairs/seq-01/frame-000198 PINHOLE 640 480 525 525 320 240 0.91110247 0.22464386 -0.34534156 -0.32366276 0.90889513 -0.26268139 0.25488386 0.35114136 0.9008593 -0.31829026 -0.79442573 0.35929716
stairs/seq-01/frame-000199 PINHOLE 640 480 525 525 320 240 0.91225839 0.22521767 -0.34189919 -0.32203084 0.91036737 -0.25957108 0.25280803 0.34693524 0.90307128 -0.31470785 -0.79179603 0.35821953
stairs/seq-01/frame-000200 PINHOLE 640 480 525 525 320 240 0.91430455 0.22711794 -0.33510903 -0.32144582 0.91045833 -0.2599768 0.24607119 0.34545454 0.9054963 -0.30007526 -0.79804403 0.36066836
stairs/seq-01/frame-000201 PINHOLE 640 480 525 525 320 240 0.91539508 0.22620068 -0.33274394 -0.31789795 0.9135105 -0.25355253 0.24662526 0.33791608 0.90818614 -0.29754317 -0.7895568 0.35825849
stairs/seq-01/frame-000202 PINHOLE 640 480 525 525 320 240 0.91962755 0.21860567 -0.32608292 -0.31015629 0.91374665 -0.26214364 0.24066482 0.3422482 0.90816283 -0.28526282 -0.7962603 0.36119419
stairs/seq-01/frame-000203 PINHOLE 640 480 525 525 320 240 0.91980946 0.21762021 -0.32622883 -0.30838135 0.91525751 -0.25894719 0.24224511 0.33882189 0.9090271 -0.28192723 -0.79626596 0.3610931
