fire/seq-03/frame-000000 PINHOLE 640 480 525 525 320 240 0.97268289 0.16929305 -0.15872999 -0.20628597 0.94406378 -0.25720394 0.10631105 0.28292757 0.95321143 -0.026627831 -0.40136248 0.23761126
fire/seq-03/frame-000001 PINHOLE 640 480 525 525 320 240 0.9725042 0.16983873 -0.15924105 -0.20713605 0.94345385 -0.25875378 0.10629281 0.28462973 0.95270652 -0.026394425 -0.40112936 0.23811397
fire/seq-03/frame-000002 PINHOLE 640 480 525 525 320 240 0.97257721 0.17010015 -0.15851384 -0.20740534 0.94283074 -0.26080078 0.10509212 0.28653163 0.95226938 -0.025474127 -0.40188462 0.23846774
fire/seq-03/frame-000003 PINHOLE 640 480 525 525 320 240 0.97272176 0.16999805 -0.15773447 -0.2071103 0.94281709 -0.26108482 0.10433344 0.28663749 0.95232081 -0.024271 -0.40125409 0.2385907
fire/seq-03/frame-000004 PINHOLE 640 480 525 525 320 240 0.97288376 0.17066258 -0.15600829 -0.20735601 0.94249243 -0.26205984 0.10231542 0.28730914 0.95233727 -0.023889523 -0.40237612 0.23918743
fire/seq-03/frame-000005 PINHOLE 640 480 525 525 320 240 0.97275269 0.17222099 -0.1551099 -0.2085481 0.94237328 -0.26154146 0.10113109 0.28676918 0.95262653 -0.021234972 -0.40105435 0.23975915
fire/seq-03/frame-000006 PINHOLE 640 480 525 525 320 240 0.97267562 0.17299637 -0.15472977 -0.20947269 0.94141442 -0.26424178 0.099954516 0.28943941 0.95194286 -0.019988298 -0.40105331 0.24107812
fire/seq-03/frame-000007 PINHOLE 640 480 525 525 320 240 0.97251225 0.17339142 -0.15531309 -0.21047771 0.93997419 -0.26853538 0.099431083 0.29385009 0.95064527 -0.018098138 -0.40146524 0.24212757
fire/seq-03/frame-000008 PINHOLE 640 480 525 525 320 240 0.97275823 0.172232 -0.15506299 -0.20964545 0.93915939 -0.27201435 0.098781787 0.29711872 0.94969642 -0.01763913 -0.40231732 0.24293931
fire/seq-03/frame-000009 PINHOLE 640 480 525 525 320 240 0.9733218 0.17051756 -0.15341187 -0.20781697 0.93864316 -0.27518061 0.097078338 0.29972723 0.94905198 -0.015397172 -0.40198398 0.24426255
fire/seq-03/frame-000010 PINHOLE 640 480 525 525 320 240 0.97424436 0.16691755 -0.15150343 -0.20430301 0.93783748 -0.28050739 0.095266439 0.30424181 0.94779825 -0.012399398 -0.40385619 0.24604078
fire/seq-03/frame-000011 PINHOLE 640 480 525 525 320 240 0.97484577 0.16403855 -0.15077873 -0.20134555 0.93836445 -0.2808826 0.095412314 0.30418238 0.9478026 -0.0096096471 -0.40495718 0.24686253
fire/seq-03/frame-000012 PINHOLE 640 480 525 525 320 240 0.97554338 0.16337579 -0.146937 -0.19917402 0.93989253 -0.27729854 0.092803605 0.29978925 0.94945979 -0.0044985539 -0.40460402 0.25042787
fire/seq-03/frame-000013 PINHOLE 640 480 525 525 320 240 0.97589308 0.16246149 -0.14562239 -0.19793032 0.94004297 -0.27767861 0.091781713 0.29981419 0.94955122 -0.00050929911 -0.40423125 0.25283346
fire/seq-03/frame-000014 PINHOLE 640 480 525 525 320 240 0.9757939 0.16293119 -0.14576119 -0.19857964 0.93943119 -0.27928099 0.091431499 0.30147246 0.94905978 0.0026709377 -0.40357566 0.25560352
fire/seq-03/frame-000015 PINHOLE 640 480 525 525 320 240 0.97639155 0.16229439 -0.14243032 -0.19745071 0.93804586 -0.28468508 0.087405793 0.30609375 0.94795924 0.0062790131 -0.40517777 0.25863245
fire/seq-03/frame-000016 PINHOLE 640 480 525 525 320 240 0.97693843 0.16042446 -0.14078927 -0.19553182 0.93714678 -0.28893822 0.085589856 0.30981037 0.946917 0.011316628 -0.40596381 0.26197931
fire/seq-03/frame-000017 PINHOLE 640 480 525 525 320 240 0.97702271 0.15847354 -0.14240462 -0.19441465 0.93655008 -0.29161423 0.087158345 0.31260607 0.94585449 0.01548544 -0.40452853 0.2652297
fire/seq-03/frame-000018 PINHOLE 640 480 525 525 320 240 0.97717607 0.15806676 -0.14180294 -0.19426015 0.93511575 -0.29628244 0.085772216 0.31707358 0.94449311 0.01940587 -0.40666211 0.26869398
fire/seq-03/frame-000019 PINHOLE 640 480 525 525 320 240 0.97785735 0.15382561 -0.14176971 -0.19035132 0.9353646 -0.29802883 0.08676441 0.31842259 0.94394845 0.025214119 -0.40597939 0.27247745
fire/seq-03/frame-000020 PINHOLE 640 480 525 525 320 240 0.97806501 0.15088142 -0.14349008 -0.18824288 0.93527442 -0.29964679 0.088994011 0.3200919 0.94317603 0.030260449 -0.40562317 0.27674043
fire/seq-03/frame-000021 PINHOLE 640 480 525 525 320 240 0.97826761 0.15002726 -0.14300305 -0.18753509 0.93450099 -0.3024905 0.088257179 0.32274175 0.94234186 0.034778714 -0.40602902 0.28163597
fire/seq-03/frame-000022 PINHOLE 640 480 525 525 320 240 0.97889251 0.14764096 -0.14119849 -0.18505503 0.93362063 -0.30670658 0.086545862 0.32636929 0.9412505 0.040970217 -0.40639216 0.28716338
fire/seq-03/frame-000023 PINHOLE 640 480 525 525 320 240 0.97913319 0.14520055 -0.142058 -0.18332766 0.93284261 -0.31009248 0.087494694 0.32967207 0.94001096 0.046868365 -0.40637115 0.29257926
fire/seq-03/frame-000024 PINHOLE 640 480 525 525 320 240 0.97901636 0.14588588 -0.14215992 -0.18426558 0.93175328 -0.31280008 0.08682739 0.33243874 0.93909806 0.052744512 -0.40532506 0.29861242
fire/seq-03/frame-000025 PINHOLE 640 480 525 525 320 240 0.97810644 0.14678966 -0.14739589 -0.18833685 0.92575282 -0.32783031 0.08833266 0.34842053 0.93314534 0.06823983 -0.40757141 0.31248394
fire/seq-03/frame-000026 PINHOLE 640 480 525 525 320 240 0.97735059 0.14947176 -0.14969619 -0.19203831 0.92368984 -0.33148167 0.088728264 0.35272872 0.9314878 0.075062416 -0.40756053 0.31888297
fire/seq-03/frame-000027 PINHOLE 640 480 525 525 320 240 0.97637051 0.15197834 -0.15351868 -0.19631048 0.92081231 -0.33693996 0.09015689 0.35912323 0.92890364 0.08473631 -0.406964 0.32614645
fire/seq-03/frame-000028 PINHOLE 640 480 525 525 320 240 0.97419441 0.15603459 -0.16298187 -0.20445167 0.91600454 -0.34510365 0.095446721 0.36952779 0.92428285 0.093133092 -0.41059992 0.33410969
fire/seq-03/frame-000029 PINHOLE 640 480 525 525 320 240 0.97205192 0.15856916 -0.17301846 -0.21098615 0.91329902 -0.34832609 0.10278663 0.3751035 0.92124474 0.099889167 -0.414518 0.34149668
fire/seq-03/frame-000030 PINHOLE 640 480 525 525 320 240 0.97063744 0.15801626 -0.18126841 -0.21373503 0.91233695 -0.34917045 0.11020618 0.37766933 0.91933674 0.10682698 -0.41745824 0.3488982
fire/seq-03/frame-000031 PINHOLE 640 480 525 525 320 240 0.96957803 0.15740572 -0.18736677 -0.21561153 0.91162318 -0.34988013 0.11573778 0.37964258 0.9178431 0.11469404 -0.4190768 0.35639176
fire/seq-03/frame-000032 PINHOLE 640 480 525 525 320 240 0.96826202 0.15953793 -0.19230349 -0.21985158 0.90968859 -0.35226879 0.11873911 0.38337481 0.91590643 0.12187573 -0.41965356 0.36458421
fire/seq-03/frame-000033 PINHOLE 640 480 525 525 320 240 0.9643454 0.16641958 -0.20568565 -0.2337635 0.90003729 -0.36776197 0.12392506 0.40273982 0.90686435 0.1406288 -0.4270274 0.38441285
fire/seq-03/frame-000034 PINHOLE 640 480 525 525 320 240 0.96194863 0.16748585 -0.21579391 -0.23997404 0.89554524 -0.37466308 0.13050567 0.41220027 0.90167552 0.14828932 -0.43278384 0.3942908
fire/seq-03/frame-000035 PINHOLE 640 480 525 525 320 240 0.95906085 0.16964227 -0.22668831 -0.24672231 0.89350045 -0.37516132 0.13890629 0.41574031 0.8987906 0.15612417 -0.43568778 0.40311512
fire/seq-03/frame-000036 PINHOLE 640 480 525 525 320 240 0.95668304 0.17162243 -0.23508893 -0.25258082 0.89087945 -0.3774887 0.14465381 0.42052487 0.89565247 0.16445047 -0.43762267 0.41208705
fire/seq-03/frame-000037 PINHOLE 640 480 525 525 320 240 0.95360518 0.17317633 -0.24619202 -0.25965956 0.88697881 -0.38184595 0.15224402 0.42806542 0.89080912 0.17259657 -0.44263911 0.42150697
fire/seq-03/frame-000038 PINHOLE 640 480 525 525 320 240 0.95100945 0.17112422 -0.25741193 -0.26338673 0.88447344 -0.38509059 0.16177949 0.43403289 0.88622892 0.17886405 -0.44865429 0.43156192
fire/seq-03/frame-000039 PINHOLE 640 480 525 525 320 240 0.94983542 0.16726939 -0.26419112 -0.26314765 0.88397294 -0.38640133 0.16890858 0.43654817 0.8836596 0.18581399 -0.45386359 0.44102356
fire/seq-03/frame-000040 PINHOLE 640 480 525 525 320 240 0.94934744 0.16249439 -0.26888362 -0.26072702 0.88498783 -0.38571849 0.17528561 0.43629533 0.88254172 0.19239861 -0.45658058 0.44995332
fire/seq-03/frame-000041 PINHOLE 640 480 525 525 320 240 0.94898289 0.15629052 -0.27380303 -0.25740543 0.88554889 -0.38666067 0.18203864 0.43742201 0.88061482 0.19885555 -0.45856994 0.45879319
fire/seq-03/frame-000042 PINHOLE 640 480 525 525 320 240 0.94789094 0.15331233 -0.27921554 -0.2574133 0.88498706 -0.38793969 0.18763031 0.43960771 0.87834996 0.20616785 -0.46205205 0.46761924
fire/seq-03/frame-000043 PINHOLE 640 480 525 525 320 240 0.94629967 0.15329432 -0.28457102 -0.25968596 0.8847636 -0.38693339 0.19246756 0.44006357 0.87707406 0.21174005 -0.46300167 0.4753134
fire/seq-03/frame-000044 PINHOLE 640 480 525 525 320 240 0.94519877 0.15312947 -0.28829405 -0.26203471 0.88258612 -0.39030793 0.19468096 0.44447127 0.87435871 0.21815617 -0.4645572 0.48397505
fire/seq-03/frame-000045 PINHOLE 640 480 525 525 320 240 0.94461197 0.15026478 -0.29170439 -0.26270795 0.87897742 -0.3979241 0.196612 0.45252681 0.86978263 0.22486956 -0.46967843 0.4930037
fire/seq-03/frame-000046 PINHOLE 640 480 525 525 320 240 0.9445942 0.14588206 -0.29397815 -0.26082382 0.87737238 -0.40267706 0.19918948 0.45705289 0.86682469 0.22956538 -0.47312364 0.50060552
fire/seq-03/frame-000047 PINHOLE 640 480 525 525 320 240 0.94592625 0.14322487 -0.29098636 -0.25771701 0.87662327 -0.40629244 0.19689868 0.45932484 0.86614686 0.23539303 -0.47443005 0.50730145
fire/seq-03/frame-000048 PINHOLE 640 480 525 525 320 240 0.94802576 0.13779651 -0.28674373 -0.25232831 0.87461227 -0.41393673 0.19375497 0.46478641 0.8639394 0.2419111 -0.47511306 0.51514184
fire/seq-03/frame-000049 PINHOLE 640 480 525 525 320 240 0.94875687 0.13430682 -0.28598011 -0.25102431 0.87007552 -0.42416406 0.19186057 0.47422686 0.85921878 0.24965368 -0.47781223 0.52143377
fire/seq-03/frame-000050 PINHOLE 640 480 525 525 320 240 0.94901687 0.13420275 -0.28516436 -0.25239378 0.86549509 -0.43263724 0.18875167 0.48256442 0.85525578 0.25579926 -0.48124871 0.52792943
fire/seq-03/frame-000051 PINHOLE 640 480 525 525 320 240 0.95027179 0.13117686 -0.2823796 -0.25020453 0.86149836 -0.44178918 0.18532138 0.49048322 0.85149288 0.2622692 -0.4850305 0.53507483
fire/seq-03/frame-000052 PINHOLE 640 480 525 525 320 240 0.95095676 0.12418198 -0.28323483 -0.246208 0.85820442 -0.45036227 0.18715087 0.49802056 0.84670407 0.26852828 -0.48967543 0.54205793
fire/seq-03/frame-000053 PINHOLE 640 480 525 525 320 240 0.9515146 0.11818621 -0.28392506 -0.24226542 0.85673356 -0.45527405 0.18944539 0.50199622 0.84384108 0.27480268 -0.49443424 0.54756731
fire/seq-03/frame-000054 PINHOLE 640 480 525 525 320 240 0.95344865 0.11439764 -0.27894461 -0.23622651 0.85834205 -0.45541754 0.18733558 0.50012243 0.84542328 0.28108659 -0.49616867 0.55191761
fire/seq-03/frame-000055 PINHOLE 640 480 525 525 320 240 0.95596188 0.1101496 -0.271965 -0.22914839 0.85916167 -0.45748374 0.18327458 0.49966836 0.84658098 0.28940806 -0.49509749 0.55657679
fire/seq-03/frame-000056 PINHOLE 640 480 525 525 320 240 0.95672536 0.1081212 -0.27008775 -0.22757137 0.85648817 -0.46324751 0.18124442 0.50467592 0.84404373 0.29694778 -0.49749595 0.56179184
fire/seq-03/frame-000057 PINHOLE 640 480 525 525 320 240 0.95810091 0.10518748 -0.2663438 -0.22414768 0.85430372 -0.46891561 0.17821872 0.50897998 0.84210128 0.30333787 -0.50232625 0.5671382
fire/seq-03/frame-000058 PINHOLE 640 480 525 525 320 240 0.9606356 0.099523716 -0.25929645 -0.21584964 0.85502106 -0.47149402 0.17478335 0.50891411 0.84286076 0.31134829 -0.50542349 0.57136941
fire/seq-03/frame-000059 PINHOLE 640 480 525 525 320 240 0.96236253 0.095443256 -0.25438064 -0.20956498 0.85663158 -0.47140595 0.17292221 0.50698376 0.84440655 0.3201085 -0.5076105 0.57518071
fire/seq-03/frame-000060 PINHOLE 640 480 525 525 320 240 0.96414864 0.091014639 -0.24918664 -0.202775 0.85848075 -0.47101134 0.17105722 0.50466478 0.84617352 0.32886535 -0.5098719 0.57872814
fire/seq-03/frame-000061 PINHOLE 640 480 525 525 320 240 0.96607733 0.086253695 -0.24334151 -0.19522873 0.86081213 -0.46994299 0.16894124 0.50151938 0.84846544 0.33655617 -0.51116008 0.58107895
fire/seq-03/frame-000062 PINHOLE 640 480 525 525 320 240 0.96837831 0.083799876 -0.2349066 -0.18852113 0.86258 -0.46943986 0.16329083 0.49889106 0.85111707 0.34523603 -0.51269823 0.58350998
fire/seq-03/frame-000063 PINHOLE 640 480 525 525 320 240 0.97130036 0.07986594 -0.22395755 -0.17951435 0.86394924 -0.47045118 0.15591894 0.4971638 0.85350692 0.35449588 -0.51584142 0.58664054
fire/seq-03/frame-000064 PINHOLE 640 480 525 525 320 240 0.97380048 0.072845355 -0.21532796 -0.16891658 0.8657791 -0.47101143 0.15211938 0.49505448 0.85541654 0.36524364 -0.51819307 0.58923006
fire/seq-03/frame-000065 PINHOLE 640 480 525 525 320 240 0.97579277 0.067462809 -0.20793565 -0.16032055 0.86747414 -0.47089693 0.1486146 0.49284494 0.85730636 0.37502584 -0.52020073 0.5902673
fire/seq-03/frame-000066 PINHOLE 640 480 525 525 320 240 0.97827673 0.061567951 -0.1978476 -0.14994261 0.86934209 -0.47087049 0.14301051 0.49031812 0.85970479 0.38544688 -0.52187902 0.59137917
fire/seq-03/frame-000067 PINHOLE 640 480 525 525 320 240 0.98012072 0.056393869 -0.19011244 -0.14152725 0.87044907 -0.47142953 0.13890122 0.48897448 0.86114252 0.39828482 -0.52396482 0.59219271
fire/seq-03/frame-000068 PINHOLE 640 480 525 525 320 240 0.98162019 0.052906584 -0.18325436 -0.13494238 0.87162799 -0.47118169 0.13480474 0.48726079 0.86276311 0.40977821 -0.52709705 0.59194714
fire/seq-03/frame-000069 PINHOLE 640 480 525 525 320 240 0.98354858 0.045657195 -0.1746626 -0.12383402 0.87461352 -0.46869287 0.1313668 0.48262176 0.86589503 0.42164564 -0.52887607 0.59115541
fire/seq-03/frame-000070 PINHOLE 640 480 525 525 320 240 0.98542666 0.039355505 -0.16536203 -0.11340719 0.87686694 -0.46711862 0.12662046 0.47907478 0.86856759 0.43492794 -0.52892274 0.58971006
fire/seq-03/frame-000071 PINHOLE 640 480 525 525 320 240 0.98709208 0.035956144 -0.15593459 -0.10585693 0.87747282 -0.46775219 0.12001336 0.47823155 0.86996913 0.44793752 -0.53021002 0.58803463
fire/seq-03/frame-000072 PINHOLE 640 480 525 525 320 240 0.98878402 0.031692244 -0.14581086 -0.09719269 0.8782385 -0.46819535 0.11322202 0.47712615 0.87148499 0.46170744 -0.53131026 0.58569688
fire/seq-03/frame-000073 PINHOLE 640 480 525 525 320 240 0.99011528 0.030003276 -0.13685901 -0.09138032 0.87872875 -0.46844569 0.10621042 0.47633189 0.87280113 0.47586462 -0.53220487 0.58324635
fire/seq-03/frame-000074 PINHOLE 640 480 525 525 320 240 0.99144411 0.030505655 -0.12675528 -0.086919822 0.87929237 -0.46823663 0.097174287 0.47525841 0.87443769 0.48820299 -0.5330224 0.58046514
fire/seq-03/frame-000075 PINHOLE 640 480 525 525 320 240 0.99272269 0.030364033 -0.11635536 -0.081726536 0.88013703 -0.46758461 0.088213928 0.4737016 0.87623042 0.50320339 -0.53308111 0.57764614
fire/seq-03/frame-000076 PINHOLE 640 480 525 525 320 240 0.99368876 0.029789213 -0.107955 -0.077088535 0.88117921 -0.46640781 0.081236683 0.47179672 0.87793118 0.51661855 -0.53395647 0.57463628
fire/seq-03/frame-000077 PINHOLE 640 480 525 525 320 240 0.99474227 0.030882761 -0.097432092 -0.07287927 0.88265955 -0.46428031 0.071663842 0.46895039 0.88028646 0.53104812 -0.53242564 0.57101882
fire/seq-03/frame-000078 PINHOLE 640 480 525 525 320 240 0.99569786 0.031103784 -0.087048605 -0.068210535 0.88277096 -0.46477735 0.062390201 0.46872568 0.88111168 0.54403466 -0.53231603 0.56852382
fire/seq-03/frame-000079 PINHOLE 640 480 525 525 320 240 0.99652386 0.029973725 -0.077465452 -0.062680118 0.88331312 -0.46452585 0.054505087 0.46777689 0.88213831 0.55699486 -0.53180838 0.56592476
fire/seq-03/frame-000080 PINHOLE 640 480 525 525 320 240 0.9971351 0.029842194 -0.06920927 -0.058649108 0.88396275 -0.46381593 0.047339391 0.46655649 0.88319755 0.57074755 -0.53037792 0.5633235
fire/seq-03/frame-000081 PINHOLE 640 480 525 525 320 240 0.99765813 0.029894883 -0.061183911 -0.054910537 0.88455546 -0.46314341 0.04027706 0.46542871 0.88414228 0.58251929 -0.5283851 0.56097138
fire/seq-03/frame-000082 PINHOLE 640 480 525 525 320 240 0.99765301 0.030080983 -0.061176617 -0.055074126 0.88452214 -0.46318701 0.040181089 0.4654794 0.88411981 0.58214742 -0.52855009 0.56087309
fire/seq-03/frame-000083 PINHOLE 640 480 525 525 320 240 0.99811131 0.029673597 -0.053404804 -0.05115857 0.88378263 -0.46504378 0.033400726 0.46690789 0.88364851 0.59655929 -0.52713203 0.55927557
fire/seq-03/frame-000084 PINHOLE 640 480 525 525 320 240 0.99843657 0.029422494 -0.047088739 -0.048066165 0.88256508 -0.46767846 0.027800512 0.46922112 0.88261658 0.60647225 -0.52651131 0.55769527
fire/seq-03/frame-000085 PINHOLE 640 480 525 525 320 240 0.99870014 0.029688912 -0.04092655 -0.045426872 0.88229501 -0.46845084 0.022203291 0.4697116 0.88251406 0.61963445 -0.52654517 0.55583709
fire/seq-03/frame-000086 PINHOLE 640 480 525 525 320 240 0.99885857 0.031044958 -0.035719771 -0.044138681 0.8834272 -0.46643558 0.01707704 0.46749038 0.88380665 0.63072431 -0.52545547 0.55386442
fire/seq-03/frame-000087 PINHOLE 640 480 525 525 320 240 0.99891162 0.032750808 -0.03257475 -0.044151798 0.88427186 -0.46483085 0.013582982 0.46577361 0.88477308 0.64105207 -0.52505386 0.55302781
fire/seq-03/frame-000088 PINHOLE 640 480 525 525 320 240 0.99894816 0.035083812 -0.028807463 -0.044439495 0.88538158 -0.46268597 0.009274357 0.46348995 0.88602704 0.65131873 -0.52449644 0.55171412
fire/seq-03/frame-000089 PINHOLE 640 480 525 525 320 240 0.99904263 0.03452177 -0.026077731 -0.042658996 0.886563 -0.46058628 0.0072208075 0.46126819 0.88720465 0.66052192 -0.52498084 0.55093324
fire/seq-03/frame-000090 PINHOLE 640 480 525 525 320 240 0.9991917 0.031958513 -0.023501879 -0.039169181 0.88871068 -0.45674127 0.0062910952 0.45730299 0.88926208 0.6711635 -0.52453274 0.55017841
fire/seq-03/frame-000091 PINHOLE 640 480 525 525 320 240 0.99921387 0.033614956 -0.019985411 -0.039022796 0.89082873 -0.45260867 0.0025905774 0.45304301 0.89145833 0.68316787 -0.52273703 0.5501188
fire/seq-03/frame-000092 PINHOLE 640 480 525 525 320 240 0.99920893 0.033783406 -0.019941019 -0.039152514 0.89088535 -0.45248568 0.0024800734 0.4529188 0.89152169 0.68283159 -0.52267057 0.5498901
fire/seq-03/frame-000093 PINHOLE 640 480 525 525 320 240 0.99914604 0.036703166 -0.017812015 -0.040792134 0.89121467 -0.45169148 -0.00070282153 0.45204273 0.8919692 0.69309652 -0.52229816 0.5506289
fire/seq-03/frame-000094 PINHOLE 640 480 525 525 320 240 0.99917054 0.036355596 -0.01713695 -0.040178157 0.89172357 -0.45074102 -0.0011041871 0.45106611 0.89246309 0.70470577 -0.5223887 0.5516243
fire/seq-03/frame-000095 PINHOLE 640 480 525 525 320 240 0.99919963 0.036326695 -0.015418063 -0.039386518 0.89341569 -0.4474479 -0.0024782473 0.44770724 0.8941499 0.71592116 -0.52191907 0.55225152
fire/seq-03/frame-000096 PINHOLE 640 480 525 525 320 240 0.99926525 0.036554974 -0.0094874166 -0.0369494 0.89426881 -0.44594899 -0.0078161452 0.44598204 0.89498091 0.72569466 -0.51944441 0.55387032
fire/seq-03/frame-000097 PINHOLE 640 480 525 525 320 240 0.99930286 0.036279876 -0.0058547147 -0.035048146 0.89290953 -0.44881654 -0.011054136 0.44871914 0.89357734 0.73732674 -0.51901221 0.55620146
fire/seq-03/frame-000098 PINHOLE 640 480 525 525 320 240 0.99924904 0.038105331 -0.0024514645 -0.035124443 0.89206207 -0.4504925 -0.014978253 0.45025072 0.89274937 0.74749672 -0.51926637 0.55809313
fire/seq-03/frame-000099 PINHOLE 640 480 525 525 320 240 0.99924642 0.038179364 -0.002442223 -0.035186246 0.89205593 -0.45049983 -0.015020146 0.45025662 0.89274567 0.74733388 -0.51931107 0.55817133
fire/seq-03/frame-000100 PINHOLE 640 480 525 525 320 240 0.99916792 0.040153973 0.0028452461 -0.034590844 0.89255828 -0.44955003 -0.020589832 0.44908798 0.89322323 0.75799495 -0.51875007 0.5605188
fire/seq-03/frame-000101 PINHOLE 640 480 525 525 320 240 0.9991017 0.041259248 0.0070865573 -0.033678729 0.89268607 -0.44936532 -0.0248657 0.44873342 0.89329249 0.76994687 -0.51792032 0.56392974
fire/seq-03/frame-000102 PINHOLE 640 480 525 525 320 240 0.99909681 0.04096875 0.0091474187 -0.032474559 0.89239788 -0.45002556 -0.02659932 0.44933259 0.89294118 0.78179181 -0.51902604 0.56728637
fire/seq-03/frame-000103 PINHOLE 640 480 525 525 320 240 0.99905515 0.041825876 0.0097820237 -0.033026259 0.89354211 -0.44770887 -0.027465681 0.44697335 0.89409828 0.79396784 -0.51972216 0.57015765
fire/seq-03/frame-000104 PINHOLE 640 480 525 525 320 240 0.99899024 0.043174606 0.010509753 -0.034073304 0.89608741 -0.44251284 -0.028522216 0.44171843 0.8966729 0.80532849 -0.51785928 0.57236701
fire/seq-03/frame-000105 PINHOLE 640 480 525 525 320 240 0.99898243 0.043330867 0.010600661 -0.034159545 0.89587164 -0.44294295 -0.028689181 0.44214064 0.8964594 0.80656856 -0.51849347 0.57266325
fire/seq-03/frame-000106 PINHOLE 640 480 525 525 320 240 0.99904418 0.041592117 0.011696582 -0.032073334 0.89530158 -0.44424936 -0.028948493 0.44346008 0.89579904 0.82079023 -0.51628357 0.57693017
fire/seq-03/frame-000107 PINHOLE 640 480 525 525 320 240 0.99913847 0.040493324 0.0061799097 -0.033351783 0.89175713 -0.45122877 -0.023781881 0.45064467 0.89235866 0.82820261 -0.52073628 0.58031124
fire/seq-03/frame-000108 PINHOLE 640 480 525 525 320 240 0.99908376 0.042180631 -0.0028250013 -0.03893828 0.89210892 -0.45008415 -0.016463621 0.44979253 0.89295322 0.83799207 -0.52260178 0.58163017
fire/seq-03/frame-000109 PINHOLE 640 480 525 525 320 240 0.99900442 0.042815249 -0.010600593 -0.043022968 0.89282942 -0.4482798 -0.0097275442 0.44830033 0.89380169 0.84745145 -0.52766782 0.58373815
fire/seq-03/frame-000110 PINHOLE 640 480 525 525 320 240 0.99906015 0.040308379 -0.014458038 -0.042539302 0.89526004 -0.44345176 -0.0049298648 0.44366068 0.89615291 0.85699552 -0.53030527 0.58417535
fire/seq-03/frame-000111 PINHOLE 640 480 525 525 320 240 0.99914652 0.036244415 -0.018632248 -0.040746402 0.89749902 -0.43907249 0.00080987951 0.43946755 0.89822966 0.86851645 -0.53202164 0.58452028
fire/seq-03/frame-000112 PINHOLE 640 480 525 525 320 240 0.99920017 0.03241786 -0.022411644 -0.038961206 0.89826262 -0.43767041 0.0059447014 0.43820423 0.89882714 0.88333172 -0.5343613 0.58611387
fire/seq-03/frame-000113 PINHOLE 640 480 525 525 320 240 0.99917525 0.030679982 -0.025716607 -0.038849153 0.89819872 -0.43781123 0.0096681602 0.43845999 0.89866978 0.89185226 -0.53743762 0.58723593
fire/seq-03/frame-000114 PINHOLE 640 480 525 525 320 240 0.99918985 0.030244412 -0.025656091 -0.038433973 0.89808613 -0.43807822 0.0097935395 0.43872032 0.89854109 0.89199835 -0.53767943 0.58749479
fire/seq-03/frame-000115 PINHOLE 640 480 525 525 320 240 0.9991523 0.03006213 -0.027279899 -0.038968913 0.89859885 -0.43697792 0.01137882 0.43768144 0.89902878 0.90651602 -0.54085755 0.58829343
fire/seq-03/frame-000116 PINHOLE 640 480 525 525 320 240 0.9990533 0.030077884 -0.030670809 -0.040449664 0.89909053 -0.4358297 0.014468694 0.4366686 0.89947647 0.91641057 -0.54310107 0.58972603
fire/seq-03/frame-000117 PINHOLE 640 480 525 525 320 240 0.99900442 0.028303741 -0.033788271 -0.040282596 0.89745814 -0.43919656 0.017894424 0.44013137 0.89772534 0.92956007 -0.54530758 0.59200162
fire/seq-03/frame-000118 PINHOLE 640 480 525 525 320 240 0.99886894 0.026789857 -0.038669385 -0.041189767 0.89516044 -0.44377661 0.022728493 0.44487858 0.89527243 0.93464673 -0.55143064 0.59386885
fire/seq-03/frame-000119 PINHOLE 640 480 525 525 320 240 0.99882901 0.026103988 -0.040142454 -0.041189205 0.89592272 -0.44223532 0.024422379 0.44338191 0.89596999 0.94459653 -0.55423921 0.59503531
fire/seq-03/frame-000120 PINHOLE 640 480 525 525 320 240 0.9988066 0.026248971 -0.040601015 -0.041512676 0.89608842 -0.44186938 0.024785435 0.44303855 0.89612979 0.94470179 -0.55380636 0.59491611
fire/seq-03/frame-000121 PINHOLE 640 480 525 525 320 240 0.99883556 0.026989024 -0.039377522 -0.041596554 0.89679015 -0.44043496 0.023428382 0.44157121 0.8968901 0.95406997 -0.55522245 0.59705144
fire/seq-03/frame-000122 PINHOLE 640 480 525 525 320 240 0.99876851 0.02718484 -0.040910754 -0.042471424 0.89636999 -0.44120568 0.024679026 0.44241104 0.89644235 0.95891863 -0.55839044 0.59868777
fire/seq-03/frame-000123 PINHOLE 640 480 525 525 320 240 0.99873364 0.029062586 -0.040466208 -0.043895949 0.89749515 -0.43877214 0.023568301 0.4400039 0.89765608 0.95914179 -0.55978674 0.60066211
fire/seq-03/frame-000124 PINHOLE 640 480 525 525 320 240 0.99880254 0.031004909 -0.037186664 -0.044184983 0.89774889 -0.43822354 0.019799039 0.43935305 0.89806575 0.96281105 -0.56173956 0.60405552
fire/seq-03/frame-000125 PINHOLE 640 480 525 525 320 240 0.99904871 0.028326692 -0.032399029 -0.039692525 0.89745337 -0.43925735 0.016635668 0.44013673 0.89774603 0.96728635 -0.56487012 0.60785061
fire/seq-03/frame-000126 PINHOLE 640 480 525 525 320 240 0.99936783 0.025811888 -0.023407929 -0.033442099 0.89923882 -0.43611467 0.0097939605 0.43663299 0.89955574 0.98156792 -0.56572843 0.61047018
fire/seq-03/frame-000127 PINHOLE 640 480 525 525 320 240 0.99956799 0.024906987 -0.013916519 -0.028478179 0.9010067 -0.43280515 0.0017603905 0.4330256 0.90134919 0.98495835 -0.5681265 0.61390942
fire/seq-03/frame-000128 PINHOLE 640 480 525 525 320 240 0.99953109 0.026178211 -0.014217451 -0.029754646 0.90088326 -0.43297598 0.0014751093 0.43320709 0.9012624 0.98024172 -0.56885529 0.6139257
fire/seq-03/frame-000129 PINHOLE 640 480 525 525 320 240 0.99965143 0.025307339 -0.0024177958 -0.023912903 0.90367621 -0.42748255 -0.0086324168 0.42740244 0.90398932 0.99845445 -0.56988728 0.61683542
fire/seq-03/frame-000130 PINHOLE 640 480 525 525 320 240 0.99969375 0.023238352 0.0046094283 -0.019122761 0.90631324 -0.42210692 -0.013985666 0.4219006 0.90650314 1.0062089 -0.57064003 0.62040651
fire/seq-03/frame-000131 PINHOLE 640 480 525 525 320 240 0.99962914 0.023410952 0.011908748 -0.016386904 0.91016763 -0.41384754 -0.020526705 0.41351002 0.91023701 1.0246639 -0.56870538 0.62286013
fire/seq-03/frame-000132 PINHOLE 640 480 525 525 320 240 0.99947578 0.021449875 0.023153748 -0.010144584 0.91293776 -0.40790299 -0.029886821 0.40746528 0.91270041 1.0356778 -0.56959379 0.62624496
fire/seq-03/frame-000133 PINHOLE 640 480 525 525 320 240 0.99923205 0.020157127 0.032810293 -0.0053373291 0.91628599 -0.40041742 -0.038134523 0.39994559 0.91571397 1.0407693 -0.57109302 0.62837327
fire/seq-03/frame-000134 PINHOLE 640 480 525 525 320 240 0.99880159 0.022226509 0.042997777 -0.0036967334 0.92073125 -0.39010611 -0.048259996 0.38949013 0.9197343 1.047913 -0.56904185 0.62937468
fire/seq-03/frame-000135 PINHOLE 640 480 525 525 320 240 0.99813282 0.021104645 0.056855693 0.0023096926 0.92355198 -0.3833912 -0.060600746 0.38281706 0.92180318 1.0539292 -0.57053107 0.63152415
fire/seq-03/frame-000136 PINHOLE 640 480 525 525 320 240 0.99813157 0.021300336 0.056802247 0.0021196799 0.92347932 -0.38356745 -0.06062603 0.38298169 0.92173314 1.0533713 -0.57081783 0.63158083
fire/seq-03/frame-000137 PINHOLE 640 480 525 525 320 240 0.99749464 0.017004069 0.068278193 0.0098518347 0.92701691 -0.37481308 -0.069668852 0.37455708 0.92455161 1.0602183 -0.56987226 0.63254565
fire/seq-03/frame-000138 PINHOLE 640 480 525 525 320 240 0.99654329 0.015723059 0.081245527 0.015215807 0.93019652 -0.36666751 -0.081340231 0.36664647 0.92676681 1.0658838 -0.56963497 0.63413215
fire/seq-03/frame-000139 PINHOLE 640 480 525 525 320 240 0.99514109 0.012867947 0.097338222 0.023147613 0.93264973 -0.35995904 -0.0954156 0.36047336 0.92784536 1.0728917 -0.56925356 0.63586414
fire/seq-03/frame-000140 PINHOLE 640 480 525 525 320 240 0.99369508 0.010930228 0.11133999 0.029371232 0.93478537 -0.35391429 -0.10794888 0.35496312 0.92859578 1.0815691 -0.56815416 0.63678771
fire/seq-03/frame-000141 PINHOLE 640 480 525 525 320 240 0.99210691 0.010793584 0.12471277 0.033656728 0.93655711 -0.34881133 -0.12056745 0.35026547 0.92882681 1.0886505 -0.56808406 0.63770747
fire/seq-03/frame-000142 PINHOLE 640 480 525 525 320 240 0.99041122 0.0084425081 0.13769576 0.040017296 0.9375962 -0.34533074 -0.13202071 0.34753951 0.92829335 1.0944395 -0.5672015 0.63833117
fire/seq-03/frame-000143 PINHOLE 640 480 525 525 320 240 0.98878169 0.01063662 0.14880705 0.041733902 0.93787891 -0.34435812 -0.14322835 0.34671503 0.92693901 1.1037446 -0.56633663 0.638695
fire/seq-03/frame-000144 PINHOLE 640 480 525 525 320 240 0.98721528 0.012228772 0.15875214 0.043729227 0.93785101 -0.34418598 -0.15309767 0.34673753 0.92535162 1.1068585 -0.56726879 0.6387375
fire/seq-03/frame-000145 PINHOLE 640 480 525 525 320 240 0.98562527 0.011997596 0.168358 0.047195882 0.93805975 -0.34315726 -0.16205001 0.34618002 0.92403483 1.1120284 -0.56740397 0.63831967
fire/seq-03/frame-000146 PINHOLE 640 480 525 525 320 240 0.98414105 0.0099752201 0.1769536 0.051685996 0.93883187 -0.34038711 -0.16952844 0.34414449 0.92345309 1.1205841 -0.56868833 0.63721013
fire/seq-03/frame-000147 PINHOLE 640 480 525 525 320 240 0.98164058 0.010317069 0.19031814 0.054352675 0.94188756 -0.33141178 -0.18268117 0.33568087 0.92405993 1.1284981 -0.56836897 0.63614613
fire/seq-03/frame-000148 PINHOLE 640 480 525 525 320 240 0.97861367 0.012762616 0.20517802 0.05640744 0.94306201 -0.32770762 -0.19768211 0.33228198 0.92219913 1.1373074 -0.56657797 0.63745546
fire/seq-03/frame-000149 PINHOLE 640 480 525 525 320 240 0.97656912 0.015844278 0.21449223 0.057711199 0.94137448 -0.33229989 -0.20718694 0.33690187 0.91842878 1.1401207 -0.56772977 0.63859242
fire/seq-03/frame-000150 PINHOLE 640 480 525 525 320 240 0.97386575 0.021535631 0.2259793 0.056698158 0.94083101 -0.33400911 -0.21980613 0.33810222 0.91504788 1.1459876 -0.57115793 0.6393649
fire/seq-03/frame-000151 PINHOLE 640 480 525 525 320 240 0.96983725 0.028582536 0.24195816 0.054084741 0.94302911 -0.3281928 -0.23755942 0.33138922 0.91306466 1.1522443 -0.5723033 0.6405319
fire/seq-03/frame-000152 PINHOLE 640 480 525 525 320 240 0.96544212 0.046042986 0.25641003 0.041710339 0.94420844 -0.32660362 -0.25714818 0.32602119 0.909684 1.1643201 -0.57102734 0.64375222
fire/seq-03/frame-000153 PINHOLE 640 480 525 525 320 240 0.95933932 0.063187115 0.27499068 0.031712253 0.94424993 -0.3276059 -0.28036693 0.32301515 0.90387803 1.1671119 -0.57387012 0.64738572
fire/seq-03/frame-000154 PINHOLE 640 480 525 525 320 240 0.95303702 0.068195552 0.29498163 0.03266317 0.94542563 -0.32410291 -0.30099267 0.3185263 0.89882386 1.1765254 -0.57484919 0.6502654
fire/seq-03/frame-000155 PINHOLE 640 480 525 525 320 240 0.95098579 0.054577131 0.30428857 0.046667479 0.94763803 -0.31582147 -0.30559933 0.31455117 0.89866918 1.1837357 -0.56960052 0.65293878
fire/seq-03/frame-000156 PINHOLE 640 480 525 525 320 240 0.9503023 0.041297916 0.30848688 0.06140139 0.9467715 -0.31589976 -0.30511987 0.31915098 0.89720905 1.1850516 -0.57257974 0.65845656
fire/seq-03/frame-000157 PINHOLE 640 480 525 525 320 240 0.94566625 0.041248139 0.32242474 0.06767977 0.94515997 -0.31942314 -0.3179262 0.32389876 0.89103979 1.1862255 -0.57899332 0.66575319
fire/seq-03/frame-000158 PINHOLE 640 480 525 525 320 240 0.937608 0.04409967 0.34480429 0.072337344 0.94542116 -0.31762427 -0.34000063 0.3227587 0.88326973 1.189952 -0.58228421 0.67140675
fire/seq-03/frame-000159 PINHOLE 640 480 525 525 320 240 0.93121797 0.043029007 0.36183569 0.07898768 0.94552451 -0.31572646 -0.35571864 0.3226001 0.87711591 1.1959484 -0.58147085 0.67768782
fire/seq-03/frame-000160 PINHOLE 640 480 525 525 320 240 0.92739135 0.033541579 0.37251002 0.093890108 0.94316995 -0.31867507 -0.36203802 0.33052117 0.87156361 1.198794 -0.58373606 0.68425095
fire/seq-03/frame-000161 PINHOLE 640 480 525 525 320 240 0.9240613 0.018871317 0.38170418 0.11296441 0.94063246 -0.31998172 -0.36509082 0.33881164 0.86709511 1.200268 -0.58595377 0.69088507
fire/seq-03/frame-000162 PINHOLE 640 480 525 525 320 240 0.92062867 0.0093076387 0.39025578 0.12816536 0.93706048 -0.32469949 -0.36872458 0.34895521 0.86151659 1.1998314 -0.59111154 0.69931436
fire/seq-03/frame-000163 PINHOLE 640 480 525 525 320 240 0.91487372 0.0058000502 0.40362826 0.13912041 0.93407756 -0.32875934 -0.37893644 0.35693678 0.85378063 1.2005438 -0.59743357 0.70813692
fire/seq-03/frame-000164 PINHOLE 640 480 525 525 320 240 0.90820158 0.00072825776 0.41846469 0.15092961 0.93208987 -0.32919034 -0.39029646 0.36214063 0.8464399 1.1989981 -0.60313147 0.71689272
fire/seq-03/frame-000165 PINHOLE 640 480 525 525 320 240 0.90216911 -0.010260958 0.43119469 0.16649862 0.93048233 -0.32621795 -0.39788201 0.36610794 0.84118503 1.1990128 -0.60797113 0.72516507
fire/seq-03/frame-000166 PINHOLE 640 480 525 525 320 240 0.89657742 -0.024740485 0.44213137 0.18310253 0.92976928 -0.31928024 -0.40319148 0.36722571 0.83816421 1.1947546 -0.61339551 0.7339707
fire/seq-03/frame-000167 PINHOLE 640 480 525 525 320 240 0.8905955 -0.040522922 0.45292467 0.20215009 0.92744386 -0.31451681 -0.4073275 0.37167704 0.83419293 1.18866 -0.6203171 0.74455577
fire/seq-03/frame-000168 PINHOLE 640 480 525 525 320 240 0.88208115 -0.059850093 0.46721908 0.22476608 0.92513812 -0.30583841 -0.41394839 0.37480032 0.82952309 1.1836649 -0.6247406 0.75501877
fire/seq-03/frame-000169 PINHOLE 640 480 525 525 320 240 0.87403631 -0.075961627 0.47982585 0.2457137 0.9211421 -0.30176049 -0.41907644 0.38166079 0.82380033 1.1785688 -0.63004404 0.76603484
fire/seq-03/frame-000170 PINHOLE 640 480 525 525 320 240 0.86604989 -0.090251975 0.49168542 0.26463655 0.91718864 -0.29777509 -0.42410439 0.38801757 0.81823874 1.1702338 -0.63572025 0.77647328
fire/seq-03/frame-000171 PINHOLE 640 480 525 525 320 240 0.85703963 -0.10290742 0.50481212 0.28174183 0.91393912 -0.29201782 -0.43132782 0.39250925 0.81229889 1.1621633 -0.64072633 0.7866255
fire/seq-03/frame-000172 PINHOLE 640 480 525 525 320 240 0.84836042 -0.11293229 0.51717794 0.29495677 0.91208476 -0.28467399 -0.43957263 0.394063 0.80711013 1.1556852 -0.64441866 0.79648697
fire/seq-03/frame-000173 PINHOLE 640 480 525 525 320 240 0.84175825 -0.11905096 0.52650928 0.30400905 0.91050893 -0.28015924 -0.44604978 0.39590171 0.80264431 1.1455401 -0.64877748 0.8063488
fire/seq-03/frame-000174 PINHOLE 640 480 525 525 320 240 0.83539963 -0.12259874 0.53574163 0.31196561 0.90829092 -0.27860808 -0.4524639 0.39989391 0.7970556 1.1397943 -0.65193027 0.81608981
fire/seq-03/frame-000175 PINHOLE 640 480 525 525 320 240 0.82993555 -0.12766565 0.54300112 0.32089442 0.9054926 -0.27757332 -0.45625892 0.40462604 0.7924909 1.1268436 -0.65501511 0.82467836
fire/seq-03/frame-000176 PINHOLE 640 480 525 525 320 240 0.82419467 -0.13218145 0.55061132 0.32979429 0.90246093 -0.27701461 -0.4603011 0.4099147 0.78741926 1.1161171 -0.65770715 0.83361161
fire/seq-03/frame-000177 PINHOLE 640 480 525 525 320 240 0.81949747 -0.13180038 0.55766839 0.33600053 0.89883065 -0.28132606 -0.46418279 0.41793549 0.78089732 1.1032075 -0.66060811 0.84260607
fire/seq-03/frame-000178 PINHOLE 640 480 525 525 320 240 0.81442982 -0.13128111 0.56516433 0.34240341 0.89508921 -0.28550377 -0.4684037 0.42604992 0.77396101 1.0904102 -0.66425568 0.85092127
fire/seq-03/frame-000179 PINHOLE 640 480 525 525 320 240 0.80847126 -0.13585255 0.57259017 0.35085267 0.89239907 -0.28365993 -0.4724558 0.43023881 0.76916599 1.0789633 -0.66597408 0.8577252
fire/seq-03/frame-000180 PINHOLE 640 480 525 525 320 240 0.8028813 -0.14348541 0.5785625 0.36351416 0.88705951 -0.28446352 -0.47241578 0.43871954 0.76438516 1.0628188 -0.66686326 0.86527222
fire/seq-03/frame-000181 PINHOLE 640 480 525 525 320 240 0.79820937 -0.15135603 0.58300424 0.37772149 0.87970173 -0.28876975 -0.46917543 0.45072576 0.75937915 1.0497974 -0.66962165 0.87238866
fire/seq-03/frame-000182 PINHOLE 640 480 525 525 320 240 0.7948274 -0.15459871 0.58676165 0.38647258 0.87444597 -0.2931208 -0.46778789 0.45976183 0.75480425 1.0358493 -0.673576 0.87979263
fire/seq-03/frame-000183 PINHOLE 640 480 525 525 320 240 0.78980386 -0.1523954 0.59407574 0.39136526 0.87099588 -0.29687673 -0.47220767 0.46698934 0.74758041 1.0208976 -0.67564929 0.8879773
fire/seq-03/frame-000184 PINHOLE 640 480 525 525 320 240 0.78197366 -0.14955808 0.60505348 0.39880678 0.866072 -0.30134457 -0.47896442 0.47695762 0.73691243 1.0046132 -0.67718291 0.89590317
fire/seq-03/frame-000185 PINHOLE 640 480 525 525 320 240 0.77479482 -0.15375318 0.61318254 0.40903154 0.86147022 -0.30082896 -0.48199826 0.48390663 0.73037487 0.99149603 -0.67806739 0.90152192
fire/seq-03/frame-000186 PINHOLE 640 480 525 525 320 240 0.7692771 -0.1618544 0.61802566 0.4192743 0.8577829 -0.29724261 -0.48203498 0.48779926 0.72775644 0.97556835 -0.67890257 0.90767092
fire/seq-03/frame-000187 PINHOLE 640 480 525 525 320 240 0.76505101 -0.16760054 0.62172878 0.42744073 0.85428274 -0.29568684 -0.48158816 0.49198282 0.72523153 0.96145111 -0.67981279 0.91466635
fire/seq-03/frame-000188 PINHOLE 640 480 525 525 320 240 0.76038313 -0.17199984 0.62623703 0.43462458 0.85126132 -0.29392335 -0.48254991 0.49568769 0.72206247 0.94902909 -0.67930645 0.92147917
fire/seq-03/frame-000189 PINHOLE 640 480 525 525 320 240 0.75523925 -0.17543672 0.63148618 0.441733 0.84801376 -0.29271051 -0.48417023 0.50003034 0.71797186 0.93365765 -0.67972928 0.92914832
fire/seq-03/frame-000190 PINHOLE 640 480 525 525 320 240 0.7498138 -0.17944168 0.63680393 0.44932178 0.84458393 -0.29107141 -0.48561752 0.50439507 0.71393001 0.91877431 -0.67869037 0.9357242
fire/seq-03/frame-000191 PINHOLE 640 480 525 525 320 240 0.74364865 -0.18861336 0.64136648 0.46005261 0.84043956 -0.28626499 -0.48504972 0.50795883 0.71178591 0.90546215 -0.67799759 0.94217139
fire/seq-03/frame-000192 PINHOLE 640 480 525 525 320 240 0.74156779 -0.19217336 0.64271748 0.46565625 0.83710235 -0.28698194 -0.48288321 0.51211816 0.71027708 0.89203823 -0.67656291 0.95030189
fire/seq-03/frame-000193 PINHOLE 640 480 525 525 320 240 0.73788202 -0.18976621 0.64765573 0.4706527 0.83245128 -0.29231027 -0.48368445 0.52052784 0.70358694 0.87732679 -0.678137 0.95929325
fire/seq-03/frame-000194 PINHOLE 640 480 525 525 320 240 0.72958285 -0.18774316 0.65757132 0.47559509 0.83022267 -0.29064357 -0.49137783 0.52480292 0.69502801 0.86286324 -0.67991722 0.96588564
fire/seq-03/frame-000195 PINHOLE 640 480 525 525 320 240 0.72251755 -0.1865817 0.66565335 0.47769716 0.83074898 -0.28564924 -0.49970779 0.52438384 0.68938208 0.85247898 -0.6767301 0.97145146
fire/seq-03/frame-000196 PINHOLE 640 480 525 525 320 240 0.71827936 -0.19315615 0.66835916 0.48490861 0.82785374 -0.28187871 -0.49887076 0.52657741 0.68831521 0.84122264 -0.67519534 0.97593337
fire/seq-03/frame-000197 PINHOLE 640 480 525 525 320 240 0.71637636 -0.20168552 0.66788185 0.49090898 0.82591212 -0.27714851 -0.49572855 0.52642852 0.69069517 0.82928133 -0.67646915 0.98083347
fire/seq-03/frame-000198 PINHOLE 640 480 525 525 320 240 0.71715015 -0.20187293 0.66699415 0.49071896 0.82585001 -0.27766916 -0.49479705 0.52645373 0.69134331 0.81728125 -0.67585784 0.98770404
fire/seq-03/frame-000199 PINHOLE 640 480 525 525 320 240 0.71476275 -0.19779505 0.67076784 0.49276903 0.82302004 -0.28240001 -0.49621201 0.53239936 0.68575329 0.80410671 -0.6776799 0.99387252
fire/seq-03/frame-000200 PINHOLE 640 480 525 525 320 240 0.71214932 -0.19365945 0.67474234 0.49196899 0.82331157 -0.28294414 -0.50074261 0.53346759 0.6816172 0.79232061 -0.67803025 0.99801713
fire/seq-03/frame-000201 PINHOLE 640 480 525 525 320 240 0.71131802 -0.18776742 0.67727971 0.48779088 0.82563382 -0.28341079 -0.50598413 0.53198302 0.67890126 0.78509963 -0.67681265 1.0028216
fire/seq-03/frame-000202 PINHOLE 640 480 525 525 320 240 0.71144533 -0.18308832 0.67842609 0.48526755 0.82626152 -0.28590226 -0.50822634 0.53263903 0.67670846 0.77650267 -0.6767962 1.0075436
fire/seq-03/frame-000203 PINHOLE 640 480 525 525 320 240 0.71178907 -0.17933443 0.67906761 0.48232952 0.82759506 -0.28701356 -0.51053613 0.53184462 0.67559338 0.76937521 -0.67488194 1.01262
fire/seq-03/frame-000204 PINHOLE 640 480 525 525 320 240 0.7119571 -0.17814076 0.67920566 0.48213238 0.82722068 -0.28842068 -0.51048797 0.5328272 0.67485505 0.76213658 -0.67267674 1.0179294
fire/seq-03/frame-000205 PINHOLE 640 480 525 525 320 240 0.71217471 -0.17871939 0.67882508 0.48385325 0.82556623 -0.29027295 -0.50855207 0.53519398 0.67444342 0.75428736 -0.67161703 1.0237167
