redkitchen/seq-03/frame-000000 PINHOLE 640 480 525 525 320 240 0.79279989 -0.2716341 0.54552853 0.061524399 0.92623454 0.37178409 -0.60630274 -0.26119632 0.75105286 -0.57694721 0.12785351 -0.07238695
redkitchen/seq-03/frame-000001 PINHOLE 640 480 525 525 320 240 0.79308385 -0.26784086 0.5469892 0.057914373 0.92716986 0.37002829 -0.60628682 -0.26179424 0.75085735 -0.5810504 0.12564276 -0.071741238
redkitchen/seq-03/frame-000002 PINHOLE 640 480 525 525 320 240 0.79284012 -0.26809216 0.54721904 0.058472797 0.92731148 0.36958474 -0.60655171 -0.26103351 0.75090814 -0.58241493 0.12416478 -0.070277147
redkitchen/seq-03/frame-000003 PINHOLE 640 480 525 525 320 240 0.79190451 -0.26867288 0.54828733 0.057375602 0.92671829 0.37124056 -0.60787678 -0.26253814 0.74931008 -0.58435923 0.12576802 -0.067947097
redkitchen/seq-03/frame-000004 PINHOLE 640 480 525 525 320 240 0.7917062 -0.26978302 0.54802847 0.058949314 0.92670262 0.37103298 -0.60798424 -0.26145256 0.74960244 -0.58752793 0.1235808 -0.069794573
redkitchen/seq-03/frame-000005 PINHOLE 640 480 525 525 320 240 0.7912941 -0.27243748 0.54730982 0.060695276 0.92577106 0.37307107 -0.60834867 -0.26199916 0.74911571 -0.58827251 0.12403597 -0.067875758
redkitchen/seq-03/frame-000006 PINHOLE 640 480 525 525 320 240 0.79052305 -0.27332711 0.54797995 0.060462497 0.92529041 0.37429932 -0.60937345 -0.26276934 0.74801219 -0.5920741 0.12411358 -0.067249998
redkitchen/seq-03/frame-000007 PINHOLE 640 480 525 525 320 240 0.79020202 -0.27442935 0.54789197 0.061737023 0.92518038 0.37436309 -0.60966188 -0.26200643 0.74804455 -0.59390432 0.1238966 -0.064944245
redkitchen/seq-03/frame-000008 PINHOLE 640 480 525 525 320 240 0.78985244 -0.27520746 0.5480054 0.061552472 0.92467117 0.37564906 -0.61013329 -0.26298538 0.7473163 -0.5952608 0.1244267 -0.062871195
redkitchen/seq-03/frame-000009 PINHOLE 640 480 525 525 320 240 0.7896378 -0.27515242 0.54834211 0.062175933 0.92503995 0.37463683 -0.61034781 -0.26174286 0.74757719 -0.60209477 0.12323507 -0.062241253
redkitchen/seq-03/frame-000010 PINHOLE 640 480 525 525 320 240 0.7894932 -0.27612194 0.54806256 0.06319312 0.92485535 0.37492236 -0.61043012 -0.26137394 0.74763912 -0.6044246 0.12306914 -0.06075551
redkitchen/seq-03/frame-000011 PINHOLE 640 480 525 525 320 240 0.7895512 -0.27513301 0.5484761 0.062809773 0.92534959 0.37376526 -0.6103946 -0.26066616 0.74791521 -0.60753405 0.12455691 -0.058934387
redkitchen/seq-03/frame-000012 PINHOLE 640 480 525 525 320 240 0.7883665 -0.2764169 0.54953325 0.063057609 0.92492431 0.37477425 -0.61189801 -0.26081622 0.74663299 -0.61208975 0.12206832 -0.053510454
redkitchen/seq-03/frame-000013 PINHOLE 640 480 525 525 320 240 0.78966045 -0.27597439 0.54789507 0.063111529 0.92487156 0.37489471 -0.61022168 -0.26147011 0.74777526 -0.61656165 0.12082165 -0.053994562
redkitchen/seq-03/frame-000014 PINHOLE 640 480 525 525 320 240 0.79031372 -0.27402967 0.54792923 0.062551633 0.92576814 0.37276953 -0.609433 -0.26034001 0.74881202 -0.62069792 0.11874606 -0.053271044
redkitchen/seq-03/frame-000015 PINHOLE 640 480 525 525 320 240 0.79100907 -0.27521992 0.54632652 0.062917605 0.92490792 0.37483728 -0.60849208 -0.26213512 0.74895066 -0.62771547 0.11846206 -0.04641575
redkitchen/seq-03/frame-000016 PINHOLE 640 480 525 525 320 240 0.79152948 -0.27342778 0.54647231 0.061450731 0.9253493 0.37398991 -0.60796475 -0.26245192 0.74926794 -0.63025308 0.11720277 -0.042785287
redkitchen/seq-03/frame-000017 PINHOLE 640 480 525 525 320 240 0.79154682 -0.2706601 0.54782265 0.058824878 0.92609811 0.37255517 -0.60820132 -0.2626783 0.74899632 -0.63471246 0.11491185 -0.040231489
redkitchen/seq-03/frame-000018 PINHOLE 640 480 525 525 320 240 0.79149866 -0.26960072 0.54841423 0.054811999 0.92508781 0.37566435 -0.60863864 -0.26728743 0.74700773 -0.64436597 0.11552678 -0.032744072
redkitchen/seq-03/frame-000019 PINHOLE 640 480 525 525 320 240 0.79183739 -0.26696274 0.5492149 0.052963372 0.92597574 0.37373644 -0.60836148 -0.26685944 0.74738616 -0.64931804 0.11191539 -0.030388495
redkitchen/seq-03/frame-000020 PINHOLE 640 480 525 525 320 240 0.79058409 -0.26410151 0.55239439 0.048172716 0.92618507 0.3738656 -0.61038619 -0.26897117 0.74497426 -0.65442759 0.11058941 -0.026183724
redkitchen/seq-03/frame-000021 PINHOLE 640 480 525 525 320 240 0.78876942 -0.26385927 0.55509692 0.044737976 0.92537349 0.37629348 -0.61298919 -0.27198443 0.74173558 -0.65895838 0.10770085 -0.021753075
redkitchen/seq-03/frame-000022 PINHOLE 640 480 525 525 320 240 0.78708142 -0.26517245 0.55686408 0.043294873 0.92434943 0.37896919 -0.61525798 -0.27417991 0.73904359 -0.6691975 0.10664061 -0.01168486
redkitchen/seq-03/frame-000023 PINHOLE 640 480 525 525 320 240 0.78464639 -0.26235983 0.56161231 0.039532717 0.92531073 0.37702894 -0.61861205 -0.27364203 0.73643827 -0.67472404 0.10109208 -0.0090197092
redkitchen/seq-03/frame-000024 PINHOLE 640 480 525 525 320 240 0.78089041 -0.2668809 0.56470811 0.04015889 0.9236607 0.38098741 -0.6233061 -0.2748411 0.73202038 -0.68873948 0.095027477 -0.0040630675
redkitchen/seq-03/frame-000025 PINHOLE 640 480 525 525 320 240 0.78046316 -0.26957312 0.56401944 0.040587626 0.9221527 0.38457781 -0.62381321 -0.27726635 0.73067224 -0.69477791 0.094235495 0.00057756092
redkitchen/seq-03/frame-000026 PINHOLE 640 480 525 525 320 240 0.78061354 -0.26684025 0.56510955 0.036782391 0.92227054 0.38467777 -0.62386066 -0.27950835 0.7297768 -0.70115161 0.090362482 0.0014188462
redkitchen/seq-03/frame-000027 PINHOLE 640 480 525 525 320 240 0.77761072 -0.25836134 0.57313204 0.024463817 0.92335802 0.38304549 -0.62819982 -0.28384933 0.7243585 -0.7095772 0.088851392 0.0084250569
redkitchen/seq-03/frame-000028 PINHOLE 640 480 525 525 320 240 0.77700645 -0.25537753 0.57528424 0.022593902 0.92467904 0.37996098 -0.62901658 -0.28224447 0.7242766 -0.71219164 0.087091148 0.013881857
redkitchen/seq-03/frame-000029 PINHOLE 640 480 525 525 320 240 0.78109115 -0.25336736 0.57062232 0.021004088 0.92406255 0.38154835 -0.62399238 -0.28604919 0.72712421 -0.72277218 0.097307652 0.014281719
redkitchen/seq-03/frame-000030 PINHOLE 640 480 525 525 320 240 0.78279245 -0.2498451 0.56984317 0.018904604 0.92492658 0.37955859 -0.62192374 -0.28635353 0.72877455 -0.72770602 0.09596438 0.023406053
redkitchen/seq-03/frame-000031 PINHOLE 640 480 525 525 320 240 0.78481692 -0.24998352 0.56699049 0.020663816 0.92502218 0.37923363 -0.61931074 -0.28592333 0.73116452 -0.73071027 0.091389939 0.025877798
redkitchen/seq-03/frame-000032 PINHOLE 640 480 525 525 320 240 0.78646028 -0.24899134 0.56514704 0.020169683 0.92494774 0.37944144 -0.61723888 -0.28702739 0.73248255 -0.73221588 0.092524752 0.032318696
redkitchen/seq-03/frame-000033 PINHOLE 640 480 525 525 320 240 0.78719372 -0.24654916 0.56519657 0.019276571 0.92593938 0.37706175 -0.61633193 -0.28593615 0.73367196 -0.73340344 0.090709865 0.037119888
redkitchen/seq-03/frame-000034 PINHOLE 640 480 525 525 320 240 0.78931773 -0.24960341 0.56087714 0.024085958 0.9254626 0.37795445 -0.6134392 -0.28482741 0.7365219 -0.73645008 0.087140419 0.04761862
redkitchen/seq-03/frame-000035 PINHOLE 640 480 525 525 320 240 0.79052329 -0.24647181 0.56056362 0.023236908 0.92679542 0.37472728 -0.6119175 -0.2832154 0.73840672 -0.73825365 0.083460309 0.050739691
redkitchen/seq-03/frame-000036 PINHOLE 640 480 525 525 320 240 0.78907353 -0.24920258 0.56139803 0.024891434 0.92618006 0.37613964 -0.61372083 -0.28283834 0.73705322 -0.73962009 0.079514109 0.05613935
redkitchen/seq-03/frame-000037 PINHOLE 640 480 525 525 320 240 0.78993541 -0.25903213 0.5557071 0.033731516 0.92331761 0.38243505 -0.61218745 -0.28336483 0.73812521 -0.74357498 0.073402569 0.066585302
redkitchen/seq-03/frame-000038 PINHOLE 640 480 525 525 320 240 0.78942341 -0.25861835 0.5566262 0.03126068 0.92261845 0.38432747 -0.61297834 -0.28600749 0.73644757 -0.74624211 0.070641555 0.071317978
redkitchen/seq-03/frame-000039 PINHOLE 640 480 525 525 320 240 0.78588712 -0.2598848 0.56102252 0.026906939 0.92084855 0.38887438 -0.61771023 -0.29052714 0.7307021 -0.74534702 0.065979958 0.08035697
redkitchen/seq-03/frame-000040 PINHOLE 640 480 525 525 320 240 0.78388321 -0.2613979 0.56311893 0.02597818 0.92001587 0.39090303 -0.62029076 -0.29180467 0.72800195 -0.74716496 0.063612364 0.087650366
redkitchen/seq-03/frame-000041 PINHOLE 640 480 525 525 320 240 0.78309959 -0.26339859 0.56327671 0.028237686 0.91994154 0.39092126 -0.62118101 -0.29023573 0.72786993 -0.74966252 0.060340736 0.094326228
redkitchen/seq-03/frame-000042 PINHOLE 640 480 525 525 320 240 0.78322488 -0.26633987 0.56171709 0.027395373 0.91744345 0.39680749 -0.62106073 -0.29541227 0.72588718 -0.75267178 0.053709619 0.11253168
redkitchen/seq-03/frame-000043 PINHOLE 640 480 525 525 320 240 0.78271294 -0.25717026 0.56668156 0.016483529 0.91882354 0.39420864 -0.62209064 -0.2992228 0.72344029 -0.7547366 0.051255159 0.12098651
redkitchen/seq-03/frame-000044 PINHOLE 640 480 525 525 320 240 0.77824271 -0.25680831 0.57296735 0.010386079 0.91763228 0.39718023 -0.62780428 -0.30316341 0.71683371 -0.75523365 0.046554141 0.1297995
redkitchen/seq-03/frame-000045 PINHOLE 640 480 525 525 320 240 0.77564281 -0.2610867 0.57455695 0.010661466 0.91566181 0.40169442 -0.6310088 -0.30545744 0.71303582 -0.75722694 0.043961622 0.13946854
redkitchen/seq-03/frame-000046 PINHOLE 640 480 525 525 320 240 0.77607071 -0.2637566 0.57275689 0.011928617 0.91425425 0.40485218 -0.63045979 -0.30737334 0.71269786 -0.75954902 0.042091914 0.1487765
redkitchen/seq-03/frame-000047 PINHOLE 640 480 525 525 320 240 0.77604407 -0.2597743 0.57460976 0.0092647709 0.91576576 0.40149182 -0.63053721 -0.30626339 0.71310687 -0.76094806 0.036738284 0.15700355
redkitchen/seq-03/frame-000048 PINHOLE 640 480 525 525 320 240 0.7731998 -0.25632727 0.57996672 0.0052504949 0.9171657 0.39835644 -0.6340676 -0.30497569 0.71052361 -0.76236612 0.031203013 0.1659932
redkitchen/seq-03/frame-000049 PINHOLE 640 480 525 525 320 240 0.7706753 -0.25757885 0.58276546 0.0051166029 0.91707265 0.39857191 -0.63713443 -0.30419946 0.70810872 -0.7641564 0.022787908 0.17411381
redkitchen/seq-03/frame-000050 PINHOLE 640 480 525 525 320 240 0.7702828 -0.26142612 0.58156979 0.010072597 0.91691971 0.39882874 -0.63754964 -0.3013646 0.70894641 -0.76538152 0.020214051 0.18511786
redkitchen/seq-03/frame-000051 PINHOLE 640 480 525 525 320 240 0.76901597 -0.25912419 0.58426994 0.0066337809 0.91727644 0.39807937 -0.63912189 -0.30226517 0.70714498 -0.7692402 0.015658498 0.20658241
redkitchen/seq-03/frame-000052 PINHOLE 640 480 525 525 320 240 0.7651763 -0.25423071 0.59141707 0.0026362939 0.91990137 0.39202249 -0.64374244 -0.29841873 0.70458269 -0.77105087 0.0051962356 0.21336739
redkitchen/seq-03/frame-000053 PINHOLE 640 480 525 525 320 240 0.76268017 -0.25533709 0.59415823 0.002478272 0.91985911 0.3921226 -0.64669836 -0.29760313 0.70221674 -0.7731005 0.0051773079 0.22568914
redkitchen/seq-03/frame-000054 PINHOLE 640 480 525 525 320 240 0.76193261 -0.25818506 0.59388644 0.0049507767 0.91933858 0.39331779 -0.64756471 -0.29675293 0.70177794 -0.77444792 0.00029354234 0.23620871
redkitchen/seq-03/frame-000055 PINHOLE 640 480 525 525 320 240 0.76045591 -0.26158005 0.59429312 0.0065110745 0.91824752 0.39583588 -0.64928436 -0.29715773 0.70001537 -0.77486151 -0.005065022 0.24803105
redkitchen/seq-03/frame-000056 PINHOLE 640 480 525 525 320 240 0.75914431 -0.25999385 0.59666109 0.0047880705 0.91891032 0.39431918 -0.65083224 -0.29649979 0.69885582 -0.77789611 -0.011218729 0.25446877
redkitchen/seq-03/frame-000057 PINHOLE 640 480 525 525 320 240 0.75518095 -0.26115042 0.60116839 0.0030489489 0.91854435 0.39518788 -0.65543723 -0.29661688 0.69448858 -0.77872199 -0.0149286 0.26592779
redkitchen/seq-03/frame-000058 PINHOLE 640 480 525 525 320 240 0.75271004 -0.26428539 0.60289472 0.0038639186 0.91758347 0.39740634 -0.65826923 -0.29681358 0.69172037 -0.78140724 -0.01977339 0.27515909
redkitchen/seq-03/frame-000059 PINHOLE 640 480 525 525 320 240 0.75121558 -0.26433194 0.60473526 0.0033396236 0.917759 0.39700517 -0.65997684 -0.2962282 0.69034249 -0.78418601 -0.023145083 0.28367907
redkitchen/seq-03/frame-000060 PINHOLE 640 480 525 525 320 240 0.74710661 -0.26258418 0.61055881 -0.00015258153 0.91853482 0.39522079 -0.66463286 -0.29537651 0.6862281 -0.785276 -0.030791033 0.29381177
redkitchen/seq-03/frame-000061 PINHOLE 640 480 525 525 320 240 0.74189085 -0.26264337 0.61686063 -0.0021691907 0.9190864 0.39393032 -0.67044634 -0.29360256 0.68131649 -0.78735709 -0.037879936 0.30140978
redkitchen/seq-03/frame-000062 PINHOLE 640 480 525 525 320 240 0.73739189 -0.27015358 0.61900783 0.0028606313 0.91771537 0.39710903 -0.67538869 -0.29106531 0.67751306 -0.78866535 -0.045365043 0.31039095
redkitchen/seq-03/frame-000063 PINHOLE 640 480 525 525 320 240 0.73585182 -0.2803092 0.61631888 0.010778409 0.91496676 0.4032672 -0.67698634 -0.29011294 0.67632568 -0.79046011 -0.051243454 0.31924993
redkitchen/seq-03/frame-000064 PINHOLE 640 480 525 525 320 240 0.7362929 -0.28782457 0.61231482 0.016556872 0.91235423 0.40894991 -0.67638981 -0.29097986 0.67654985 -0.79306191 -0.056638256 0.3257314
redkitchen/seq-03/frame-000065 PINHOLE 640 480 525 525 320 240 0.73811346 -0.29386488 0.60723245 0.022351991 0.9102512 0.41333663 -0.67423534 -0.29152742 0.67846161 -0.79466367 -0.062457282 0.3326202
redkitchen/seq-03/frame-000066 PINHOLE 640 480 525 525 320 240 0.74096298 -0.29090351 0.60518438 0.023407139 0.91188157 0.40966782 -0.6710664 -0.28939405 0.68250448 -0.79865819 -0.060475808 0.33969185
redkitchen/seq-03/frame-000067 PINHOLE 640 480 525 525 320 240 0.74024552 -0.28681201 0.60800838 0.021058856 0.91382885 0.40543392 -0.6719352 -0.28732762 0.68252248 -0.80046988 -0.061831124 0.34709236
redkitchen/seq-03/frame-000068 PINHOLE 640 480 525 525 320 240 0.73983598 -0.28475294 0.60947245 0.020347547 0.91500819 0.40280136 -0.67240763 -0.28561658 0.68277508 -0.80214036 -0.065178849 0.35423625
redkitchen/seq-03/frame-000069 PINHOLE 640 480 525 525 320 240 0.74171233 -0.28590387 0.60664624 0.024205064 0.91535515 0.40179807 -0.67020899 -0.28334543 0.68587583 -0.80409801 -0.071515165 0.35987741
redkitchen/seq-03/frame-000070 PINHOLE 640 480 525 525 320 240 0.74448538 -0.28701955 0.60270971 0.028032649 0.91545361 0.4013243 -0.66697747 -0.28189516 0.68961334 -0.80740905 -0.072485894 0.36625412
redkitchen/seq-03/frame-000071 PINHOLE 640 480 525 525 320 240 0.74652851 -0.28593576 0.60069412 0.030732855 0.91673893 0.39817995 -0.66457027 -0.27880216 0.69318521 -0.81095845 -0.075859785 0.37268788
redkitchen/seq-03/frame-000072 PINHOLE 640 480 525 525 320 240 0.74887562 -0.284594 0.59840542 0.032185975 0.91758496 0.39611071 -0.66185528 -0.2773878 0.69634295 -0.8140828 -0.080896392 0.37878886
redkitchen/seq-03/frame-000073 PINHOLE 640 480 525 525 320 240 0.75103247 -0.28257713 0.59665555 0.033965472 0.91906446 0.39251518 -0.65931755 -0.27453619 0.69987136 -0.81665516 -0.087621644 0.38406426
redkitchen/seq-03/frame-000074 PINHOLE 640 480 525 525 320 240 0.75325334 -0.28180745 0.59421492 0.034807883 0.91931248 0.39185971 -0.656735 -0.27449644 0.70231074 -0.82082564 -0.088610046 0.39297685
redkitchen/seq-03/frame-000075 PINHOLE 640 480 525 525 320 240 0.75704789 -0.28100455 0.58975595 0.033676255 0.91830254 0.3943184 -0.65241659 -0.27866751 0.70468873 -0.82600588 -0.0868036 0.4054805
redkitchen/seq-03/frame-000076 PINHOLE 640 480 525 525 320 240 0.76006991 -0.27870867 0.58695138 0.035311844 0.91967189 0.39096922 -0.64880633 -0.27644798 0.70888335 -0.8289299 -0.091839671 0.41024974
redkitchen/seq-03/frame-000077 PINHOLE 640 480 525 525 320 240 0.76332253 -0.27822357 0.58294678 0.037563212 0.92003 0.38991544 -0.64484906 -0.2757442 0.71275747 -0.83470094 -0.091130771 0.41929728
redkitchen/seq-03/frame-000078 PINHOLE 640 480 525 525 320 240 0.76743919 -0.27635258 0.5784139 0.038921203 0.92068261 0.3882378 -0.63986295 -0.27544671 0.71735114 -0.84084338 -0.097211577 0.42671958
redkitchen/seq-03/frame-000079 PINHOLE 640 480 525 525 320 240 0.77248287 -0.27340278 0.57307667 0.039532539 0.92146266 0.38632002 -0.6337266 -0.27578083 0.72265011 -0.8488968 -0.097453222 0.43611711
redkitchen/seq-03/frame-000080 PINHOLE 640 480 525 525 320 240 0.77677011 -0.27041531 0.56868184 0.038879298 0.92192584 0.38527936 -0.62850475 -0.27717409 0.72666615 -0.85624611 -0.094582014 0.44484797
redkitchen/seq-03/frame-000081 PINHOLE 640 480 525 525 320 240 0.78066069 -0.26815012 0.56441069 0.038994063 0.92234349 0.3842665 -0.62365836 -0.27798373 0.7305221 -0.86148435 -0.10211325 0.44957823
redkitchen/seq-03/frame-000082 PINHOLE 640 480 525 525 320 240 0.78549367 -0.26817453 0.55765319 0.042482972 0.92240763 0.38374192 -0.61732984 -0.27774677 0.73596704 -0.86827236 -0.098655976 0.45850807
redkitchen/seq-03/frame-000083 PINHOLE 640 480 525 525 320 240 0.79068583 -0.2679013 0.55039978 0.043612543 0.92147022 0.38586137 -0.61058605 -0.28110155 0.74030632 -0.87499011 -0.097422302 0.46672431
redkitchen/seq-03/frame-000084 PINHOLE 640 480 525 525 320 240 0.79653412 -0.26510531 0.54327488 0.042546332 0.92101997 0.38705337 -0.60301304 -0.28519779 0.74493235 -0.88202053 -0.10290833 0.4712671
redkitchen/seq-03/frame-000085 PINHOLE 640 480 525 525 320 240 0.80105752 -0.2617119 0.5382458 0.039140351 0.92026311 0.38920656 -0.59722376 -0.29072094 0.74745673 -0.88824272 -0.10410576 0.4795706
redkitchen/seq-03/frame-000086 PINHOLE 640 480 525 525 320 240 0.80570084 -0.25685695 0.53363383 0.034498867 0.91983348 0.39065829 -0.59123337 -0.29635555 0.75000167 -0.89577818 -0.11145374 0.48670381
redkitchen/seq-03/frame-000087 PINHOLE 640 480 525 525 320 240 0.81061077 -0.24961695 0.52961844 0.028368277 0.92020196 0.39028278 -0.58481288 -0.30135503 0.7530368 -0.90552384 -0.1049559 0.49632004
redkitchen/seq-03/frame-000088 PINHOLE 640 480 525 525 320 240 0.81219906 -0.24293472 0.5302918 0.025426745 0.92297572 0.38388273 -0.58274084 -0.29831743 0.75584716 -0.91222787 -0.10988357 0.50439268
redkitchen/seq-03/frame-000089 PINHOLE 640 480 525 525 320 240 0.81487709 -0.24613389 0.52467817 0.030903125 0.92245257 0.38473713 -0.57872349 -0.29731101 0.75932211 -0.92158902 -0.11615553 0.51037669
redkitchen/seq-03/frame-000090 PINHOLE 640 480 525 525 320 240 0.81995487 -0.24619746 0.51667655 0.035201382 0.92269015 0.38379708 -0.57125789 -0.29652026 0.76526129 -0.93158364 -0.11723246 0.5171569
redkitchen/seq-03/frame-000091 PINHOLE 640 480 525 525 320 240 0.82238227 -0.24025518 0.51561469 0.031542208 0.9242481 0.38035029 -0.56797278 -0.29654151 0.76769429 -0.9404133 -0.12093123 0.52470905
redkitchen/seq-03/frame-000092 PINHOLE 640 480 525 525 320 240 0.82238591 -0.23729914 0.5169754 0.026756253 0.92391455 0.38152447 -0.56821263 -0.29994011 0.76619476 -0.94903922 -0.12572159 0.53191429
redkitchen/seq-03/frame-000093 PINHOLE 640 480 525 525 320 240 0.82274884 -0.23803379 0.51605916 0.024777912 0.92217207 0.38584864 -0.56777662 -0.30468193 0.7646451 -0.95798481 -0.13161936 0.53923035
redkitchen/seq-03/frame-000094 PINHOLE 640 480 525 525 320 240 0.8247937 -0.24028929 0.51173151 0.027909329 0.9213326 0.38763607 -0.5646559 -0.30545005 0.76664692 -0.96677834 -0.13515665 0.54618055
redkitchen/seq-03/frame-000095 PINHOLE 640 480 525 525 320 240 0.82706922 -0.23934761 0.50848961 0.028531834 0.9214474 0.38731772 -0.56128627 -0.30584285 0.76896119 -0.97665358 -0.14039372 0.55215162
redkitchen/seq-03/frame-000096 PINHOLE 640 480 525 525 320 240 0.82829291 -0.2401153 0.50613004 0.028938485 0.92056918 0.38936985 -0.55945778 -0.3078782 0.769481 -0.98575109 -0.14664046 0.55837762
redkitchen/seq-03/frame-000097 PINHOLE 640 480 525 525 320 240 0.82985878 -0.23920633 0.50399059 0.029661303 0.92100281 0.38828811 -0.55709404 -0.3072879 0.7714293 -0.99410194 -0.15308961 0.56295663
redkitchen/seq-03/frame-000098 PINHOLE 640 480 525 525 320 240 0.83040488 -0.23757878 0.50386053 0.028133912 0.92117959 0.38798186 -0.5563587 -0.30801922 0.77166814 -1.0022442 -0.15814096 0.57003832
redkitchen/seq-03/frame-000099 PINHOLE 640 480 525 525 320 240 0.83081603 -0.23809917 0.50293636 0.028280303 0.92068303 0.38914812 -0.55573702 -0.30910006 0.77168381 -1.0100117 -0.16319819 0.57708615
redkitchen/seq-03/frame-000100 PINHOLE 640 480 525 525 320 240 0.83308339 -0.23773597 0.49934444 0.028913632 0.92033386 0.38992652 -0.55229932 -0.31041631 0.77362096 -1.0182503 -0.16616511 0.58249956
redkitchen/seq-03/frame-000101 PINHOLE 640 480 525 525 320 240 0.83524889 -0.23483755 0.49709347 0.027051071 0.92059159 0.38945144 -0.54911381 -0.31185487 0.77530807 -1.0261335 -0.16730304 0.58939934
redkitchen/seq-03/frame-000102 PINHOLE 640 480 525 525 320 240 0.83649874 -0.23134384 0.49662948 0.02377774 0.92090255 0.38892925 -0.54735965 -0.31354317 0.77586704 -1.0338142 -0.1700206 0.59567273
redkitchen/seq-03/frame-000103 PINHOLE 640 480 525 525 320 240 0.8373282 -0.22841521 0.49658719 0.021273319 0.92138261 0.38793543 -0.54619312 -0.3142783 0.77639133 -1.041405 -0.17175134 0.60173655
redkitchen/seq-03/frame-000104 PINHOLE 640 480 525 525 320 240 0.8373369 -0.22794716 0.4967874 0.021757286 0.92202127 0.38638791 -0.54616064 -0.31274119 0.77703458 -1.0475361 -0.17680147 0.60651129
redkitchen/seq-03/frame-000105 PINHOLE 640 480 525 525 320 240 0.83803713 -0.22558521 0.49668476 0.020092409 0.92258942 0.38511953 -0.54514956 -0.312778 0.77772933 -1.0541719 -0.18004198 0.61203587
redkitchen/seq-03/frame-000106 PINHOLE 640 480 525 525 320 240 0.83753437 -0.22309978 0.4986515 0.017413115 0.92319614 0.38379398 -0.54601359 -0.31277069 0.77712595 -1.0608728 -0.1807674 0.61775255
redkitchen/seq-03/frame-000107 PINHOLE 640 480 525 525 320 240 0.83592123 -0.2251309 0.50044227 0.019616649 0.9235962 0.38272309 -0.54840559 -0.31012228 0.77650255 -1.0670421 -0.18302876 0.62287825
redkitchen/seq-03/frame-000108 PINHOLE 640 480 525 525 320 240 0.83557612 -0.23061053 0.49851975 0.025591815 0.92290694 0.38403061 -0.54868513 -0.30814156 0.77709329 -1.0731846 -0.19007082 0.62633306
redkitchen/seq-03/frame-000109 PINHOLE 640 480 525 525 320 240 0.83593994 -0.23128612 0.49759591 0.028440962 0.92382383 0.38161767 -0.54799026 -0.30486995 0.77887189 -1.0792269 -0.19170228 0.63091391
redkitchen/seq-03/frame-000110 PINHOLE 640 480 525 525 320 240 0.83429134 -0.22901052 0.50140053 0.026643604 0.92525429 0.37826672 -0.55058682 -0.30223805 0.77806586 -1.0843934 -0.192302 0.63735318
redkitchen/seq-03/frame-000111 PINHOLE 640 480 525 525 320 240 0.8310675 -0.22808784 0.50714195 0.02410862 0.92587924 0.37690532 -0.55555677 -0.30101979 0.7749992 -1.0886853 -0.19839126 0.64166659
redkitchen/seq-03/frame-000112 PINHOLE 640 480 525 525 320 240 0.82963574 -0.23308991 0.50721174 0.028979294 0.92535615 0.37784523 -0.55746055 -0.29878762 0.77449548 -1.0928192 -0.20371309 0.64602566
redkitchen/seq-03/frame-000113 PINHOLE 640 480 525 525 320 240 0.83071989 -0.23623388 0.50397223 0.032874979 0.92465699 0.3792353 -0.55562657 -0.29848248 0.77592957 -1.0970963 -0.20700631 0.65016848
redkitchen/seq-03/frame-000114 PINHOLE 640 480 525 525 320 240 0.83012599 -0.23315978 0.50637656 0.02982419 0.92556095 0.37727726 -0.55668521 -0.2980977 0.77531844 -1.10087 -0.20777607 0.65556365
redkitchen/seq-03/frame-000115 PINHOLE 640 480 525 525 320 240 0.8275528 -0.23572034 0.50939369 0.030978955 0.92529136 0.37784502 -0.56044054 -0.29691839 0.77306211 -1.1040347 -0.21063714 0.66040254
redkitchen/seq-03/frame-000116 PINHOLE 640 480 525 525 320 240 0.82670784 -0.2397503 0.50888449 0.035656106 0.92509562 0.37791157 -0.56140846 -0.29428962 0.7733646 -1.1075253 -0.21469378 0.66496128
redkitchen/seq-03/frame-000117 PINHOLE 640 480 525 525 320 240 0.82639754 -0.24126674 0.50867152 0.038740586 0.92569947 0.37612471 -0.56166059 -0.29113415 0.77437502 -1.1110069 -0.21863137 0.67042929
redkitchen/seq-03/frame-000118 PINHOLE 640 480 525 525 320 240 0.82502997 -0.24176395 0.51065141 0.039664708 0.92632842 0.37447628 -0.5636031 -0.28871104 0.77387065 -1.113845 -0.21905424 0.67750585
redkitchen/seq-03/frame-000119 PINHOLE 640 480 525 525 320 240 0.82275438 -0.24304095 0.51370728 0.039646473 0.92623407 0.37471154 -0.56692088 -0.28794068 0.7717312 -1.1165464 -0.22531866 0.68263054
redkitchen/seq-03/frame-000120 PINHOLE 640 480 525 525 320 240 0.82149398 -0.24651425 0.51406908 0.042398084 0.92555696 0.3760812 -0.56854719 -0.28716463 0.77082342 -1.1198139 -0.22961578 0.68848127
redkitchen/seq-03/frame-000121 PINHOLE 640 480 525 525 320 240 0.8208462 -0.24817789 0.51430309 0.044125985 0.92544913 0.37614754 -0.56935066 -0.28607681 0.77063465 -1.1230074 -0.23058148 0.69548929
redkitchen/seq-03/frame-000122 PINHOLE 640 480 525 525 320 240 0.81909764 -0.24888594 0.51674277 0.043259326 0.92513776 0.37701279 -0.57192951 -0.28646803 0.76857698 -1.1262709 -0.23364167 0.70284331
redkitchen/seq-03/frame-000123 PINHOLE 640 480 525 525 320 240 0.81628072 -0.25039569 0.52045727 0.042407408 0.92463708 0.37833521 -0.57600594 -0.28676817 0.76541406 -1.1298989 -0.2354219 0.71193248
redkitchen/seq-03/frame-000124 PINHOLE 640 480 525 525 320 240 0.8131687 -0.25590616 0.52264351 0.04667965 0.92386037 0.37972662 -0.58006269 -0.28439653 0.76323193 -1.1327343 -0.24185315 0.71961653
redkitchen/seq-03/frame-000125 PINHOLE 640 480 525 525 320 240 0.81189132 -0.26031965 0.52244973 0.05137052 0.92339092 0.3802624 -0.58145398 -0.28190464 0.7630977 -1.13527 -0.24802971 0.7270962
redkitchen/seq-03/frame-000126 PINHOLE 640 480 525 525 320 240 0.8120476 -0.25980848 0.522461 0.050289862 0.92318273 0.3809115 -0.58133018 -0.28305525 0.76276588 -1.1396002 -0.24807994 0.73600256
redkitchen/seq-03/frame-000127 PINHOLE 640 480 525 525 320 240 0.80980426 -0.25818786 0.52672875 0.049497876 0.92475349 0.3771866 -0.58451867 -0.27938661 0.7616809 -1.1425815 -0.25200683 0.7457549
redkitchen/seq-03/frame-000128 PINHOLE 640 480 525 525 320 240 0.80683661 -0.2578449 0.53142977 0.04708093 0.92485434 0.37724823 -0.58880645 -0.27936873 0.75837749 -1.1438315 -0.26286486 0.7546348
redkitchen/seq-03/frame-000129 PINHOLE 640 480 525 525 320 240 0.80666113 -0.26070303 0.53030008 0.046535779 0.92260748 0.38277683 -0.58908981 -0.28410462 0.75639522 -1.144936 -0.27322707 0.76284152
redkitchen/seq-03/frame-000130 PINHOLE 640 480 525 525 320 240 0.81053525 -0.25853726 0.52543056 0.044846188 0.92198378 0.38447765 -0.58387995 -0.28808081 0.75892651 -1.1464508 -0.27621919 0.7722525
redkitchen/seq-03/frame-000131 PINHOLE 640 480 525 525 320 240 0.81251144 -0.24675432 0.52803713 0.033130534 0.92399997 0.38080755 -0.58191198 -0.29192844 0.7589674 -1.1484375 -0.27612689 0.78426719
redkitchen/seq-03/frame-000132 PINHOLE 640 480 525 525 320 240 0.81024712 -0.23943089 0.53484374 0.02529043 0.92610472 0.37626874 -0.58545184 -0.29135644 0.75646061 -1.1494428 -0.28068244 0.79469997
redkitchen/seq-03/frame-000133 PINHOLE 640 480 525 525 320 240 0.80824196 -0.23805687 0.53847873 0.023710944 0.92697769 0.37421638 -0.58828288 -0.28970167 0.75489807 -1.1501652 -0.28787526 0.80420613
redkitchen/seq-03/frame-000134 PINHOLE 640 480 525 525 320 240 0.80826885 -0.23971756 0.53770107 0.025062215 0.92647737 0.37536511 -0.58819002 -0.28993195 0.75488174 -1.1508658 -0.29508939 0.81477225
redkitchen/seq-03/frame-000135 PINHOLE 640 480 525 525 320 240 0.80912668 -0.23704232 0.537597 0.022546243 0.92680389 0.37471807 -0.58711153 -0.29108566 0.75527728 -1.1526335 -0.29893383 0.82483774
redkitchen/seq-03/frame-000136 PINHOLE 640 480 525 525 320 240 0.80767524 -0.23247191 0.54175889 0.016385006 0.92741346 0.373528 -0.58930993 -0.2928248 0.75288904 -1.1551844 -0.30133054 0.83554602
redkitchen/seq-03/frame-000137 PINHOLE 640 480 525 525 320 240 0.80477798 -0.23203625 0.54623848 0.01449532 0.92776036 0.37274349 -0.59330946 -0.29207003 0.75003552 -1.1574234 -0.30784583 0.84451199
redkitchen/seq-03/frame-000138 PINHOLE 640 480 525 525 320 240 0.80274796 -0.23227201 0.54911762 0.014073781 0.92806971 0.37198827 -0.59606308 -0.29089674 0.7483061 -1.1604267 -0.31409815 0.85343063
redkitchen/seq-03/frame-000139 PINHOLE 640 480 525 525 320 240 0.8004967 -0.23319799 0.55200386 0.013261959 0.92778927 0.37271634 -0.59910142 -0.29104972 0.74581593 -1.1625267 -0.31832355 0.86391145
redkitchen/seq-03/frame-000140 PINHOLE 640 480 525 525 320 240 0.79825205 -0.23381916 0.55498338 0.012628037 0.92779589 0.37272188 -0.60210246 -0.29052988 0.74359846 -1.1659499 -0.32207355 0.87306625
redkitchen/seq-03/frame-000141 PINHOLE 640 480 525 525 320 240 0.79499406 -0.23586619 0.55878055 0.013379166 0.92783099 0.37260777 -0.60638148 -0.28875709 0.74080652 -1.1681979 -0.32784775 0.88096362
redkitchen/seq-03/frame-000142 PINHOLE 640 480 525 525 320 240 0.79342699 -0.23580629 0.5610286 0.013144853 0.92825353 0.371562 -0.60843557 -0.28744471 0.73963159 -1.1715041 -0.33205342 0.88925284
redkitchen/seq-03/frame-000143 PINHOLE 640 480 525 525 320 240 0.79102492 -0.23248877 0.56578475 0.0099256691 0.92965978 0.36812997 -0.61161584 -0.28559622 0.73772204 -1.175282 -0.33363065 0.8974508
redkitchen/seq-03/frame-000144 PINHOLE 640 480 525 525 320 240 0.78729177 -0.23111536 0.57152504 0.0087613575 0.93111748 0.36445659 -0.6164313 -0.28193828 0.73511618 -1.1788348 -0.33703873 0.90451264
redkitchen/seq-03/frame-000145 PINHOLE 640 480 525 525 320 240 0.78452563 -0.23418668 0.5740729 0.010783903 0.9308821 0.36500296 -0.61991602 -0.28017521 0.73285645 -1.182627 -0.34191388 0.9113099
redkitchen/seq-03/frame-000146 PINHOLE 640 480 525 525 320 240 0.78263181 -0.23877375 0.57476759 0.014853821 0.93033332 0.36625659 -0.62222117 -0.27811822 0.73168534 -1.1858838 -0.34766948 0.91697431
redkitchen/seq-03/frame-000147 PINHOLE 640 480 525 525 320 240 0.78173685 -0.24055955 0.57524061 0.017212447 0.93049937 0.36573085 -0.62328434 -0.27601555 0.73157662 -1.189904 -0.35073349 0.92325717
redkitchen/seq-03/frame-000148 PINHOLE 640 480 525 525 320 240 0.77975583 -0.2417731 0.57741618 0.018567156 0.93087894 0.36469683 -0.62572211 -0.27366489 0.7303775 -1.1941136 -0.3541739 0.92947352
redkitchen/seq-03/frame-000149 PINHOLE 640 480 525 525 320 240 0.7773549 -0.24409124 0.57967371 0.020684253 0.93099511 0.36428589 -0.6286363 -0.27120051 0.72879261 -1.1978679 -0.35827261 0.93590152
redkitchen/seq-03/frame-000150 PINHOLE 640 480 525 525 320 240 0.77637327 -0.24732125 0.57961982 0.02360327 0.93048316 0.36541447 -0.62974554 -0.27002823 0.72827011 -1.2019303 -0.36289489 0.94081628
redkitchen/seq-03/frame-000151 PINHOLE 640 480 525 525 320 240 0.77683979 -0.2488282 0.57834852 0.026125599 0.93048561 0.36523628 -0.62907028 -0.26863131 0.7293694 -1.2059408 -0.36646304 0.94697607
redkitchen/seq-03/frame-000152 PINHOLE 640 480 525 525 320 240 0.77718812 -0.2485217 0.57801205 0.026275251 0.93064904 0.36480868 -0.62863356 -0.26834852 0.72984982 -1.2106549 -0.36768422 0.95396382
redkitchen/seq-03/frame-000153 PINHOLE 640 480 525 525 320 240 0.77683997 -0.24874353 0.5783844 0.027178962 0.93098712 0.36387819 -0.6290251 -0.26696613 0.73001927 -1.2153131 -0.37241396 0.95921713
redkitchen/seq-03/frame-000154 PINHOLE 640 480 525 525 320 240 0.77695227 -0.24910647 0.57807738 0.026913503 0.93061548 0.36484727 -0.62889796 -0.26792172 0.72977865 -1.2155216 -0.37144971 0.96000659
redkitchen/seq-03/frame-000155 PINHOLE 640 480 525 525 320 240 0.77729815 -0.250413 0.57704687 0.028564725 0.93039954 0.36527181 -0.62839752 -0.26745278 0.73038143 -1.2199005 -0.37636811 0.96506345
redkitchen/seq-03/frame-000156 PINHOLE 640 480 525 525 320 240 0.77972591 -0.25172979 0.57318532 0.031267531 0.93005705 0.36592194 -0.62525296 -0.26740754 0.73309147 -1.2251613 -0.37893406 0.97171736
redkitchen/seq-03/frame-000157 PINHOLE 640 480 525 525 320 240 0.78190291 -0.25085115 0.57059902 0.031710878 0.93021184 0.36548969 -0.62250596 -0.26769406 0.73532128 -1.2304107 -0.38076341 0.97909933
redkitchen/seq-03/frame-000158 PINHOLE 640 480 525 525 320 240 0.78374267 -0.25164255 0.56771904 0.032422908 0.92949808 0.36723852 -0.62015104 -0.26942423 0.73667777 -1.2361679 -0.38552058 0.98547882
redkitchen/seq-03/frame-000159 PINHOLE 640 480 525 525 320 240 0.78750795 -0.25272101 0.56200039 0.035617385 0.92912078 0.36789587 -0.61518592 -0.26971474 0.74072319 -1.2424001 -0.39074442 0.99055737
redkitchen/seq-03/frame-000160 PINHOLE 640 480 525 525 320 240 0.79275745 -0.25253651 0.5546549 0.036473814 0.92808199 0.37042481 -0.60835546 -0.27343765 0.74498719 -1.2488054 -0.39289311 0.99727863
redkitchen/seq-03/frame-000161 PINHOLE 640 480 525 525 320 240 0.79776961 -0.25152519 0.54788661 0.035961039 0.92698991 0.37319931 -0.60179871 -0.27803576 0.74860203 -1.255291 -0.39570272 1.0043298
redkitchen/seq-03/frame-000162 PINHOLE 640 480 525 525 320 240 0.80294865 -0.24834047 0.54173946 0.035343893 0.92722857 0.37266487 -0.59490794 -0.28009501 0.75332707 -1.2617058 -0.40167004 1.0097905
redkitchen/seq-03/frame-000163 PINHOLE 640 480 525 525 320 240 0.80313808 -0.24858449 0.54134643 0.035190802 0.92692667 0.37342945 -0.59466124 -0.28087652 0.75323081 -1.2621161 -0.4011586 1.0101587
redkitchen/seq-03/frame-000164 PINHOLE 640 480 525 525 320 240 0.80903161 -0.24737947 0.53305894 0.036577605 0.92646801 0.37443304 -0.58653289 -0.28344178 0.75862372 -1.2683369 -0.40662047 1.0161217
redkitchen/seq-03/frame-000165 PINHOLE 640 480 525 525 320 240 0.81669211 -0.24577339 0.52200568 0.037202314 0.92523211 0.37741497 -0.57577854 -0.28882399 0.76480687 -1.2753708 -0.41163734 1.0216541
redkitchen/seq-03/frame-000166 PINHOLE 640 480 525 525 320 240 0.82428437 -0.24082007 0.51229012 0.035758168 0.92528534 0.37742379 -0.5649491 -0.29279822 0.77134371 -1.2829924 -0.41576925 1.0271851
redkitchen/seq-03/frame-000167 PINHOLE 640 480 525 525 320 240 0.83012885 -0.23398525 0.50598115 0.031250536 0.92570037 0.37680519 -0.55659705 -0.29699716 0.77579725 -1.2897458 -0.41744858 1.0350691
redkitchen/seq-03/frame-000168 PINHOLE 640 480 525 525 320 240 0.83538717 -0.2272062 0.50038534 0.027779708 0.92677361 0.37443143 -0.54885983 -0.29890734 0.78056133 -1.2972262 -0.42338318 1.0411412
redkitchen/seq-03/frame-000169 PINHOLE 640 480 525 525 320 240 0.84182888 -0.22498383 0.49049589 0.029901879 0.92694145 0.37385163 -0.53881389 -0.30006516 0.78708881 -1.3052589 -0.42826545 1.0473946
redkitchen/seq-03/frame-000170 PINHOLE 640 480 525 525 320 240 0.84873897 -0.22429968 0.47876054 0.033540681 0.92651176 0.37460706 -0.52764356 -0.30189851 0.79392552 -1.3126327 -0.43323186 1.0536159
redkitchen/seq-03/frame-000171 PINHOLE 640 480 525 525 320 240 0.84858692 -0.22422743 0.47906372 0.033611074 0.92667621 0.37419325 -0.52788347 -0.3014465 0.79393768 -1.3124574 -0.43307912 1.0538524
redkitchen/seq-03/frame-000172 PINHOLE 640 480 525 525 320 240 0.8557421 -0.21863441 0.46881142 0.032751076 0.92731774 0.37267694 -0.51625872 -0.30357429 0.80074173 -1.3202109 -0.43645799 1.0600661
redkitchen/seq-03/frame-000173 PINHOLE 640 480 525 525 320 240 0.86083847 -0.2129564 0.46204564 0.031930368 0.92895097 0.36865896 -0.50776732 -0.30261555 0.80651331 -1.3267565 -0.44069538 1.067174
redkitchen/seq-03/frame-000174 PINHOLE 640 480 525 525 320 240 0.86620015 -0.21235172 0.45219839 0.03512992 0.92876047 0.36884791 -0.49835035 -0.3036235 0.81198955 -1.3344159 -0.44528979 1.0731771
redkitchen/seq-03/frame-000175 PINHOLE 640 480 525 525 320 240 0.8730588 -0.21386296 0.43807548 0.042420782 0.92850041 0.36873576 -0.48565248 -0.30335754 0.81974572 -1.3411106 -0.450728 1.079324
redkitchen/seq-03/frame-000176 PINHOLE 640 480 525 525 320 240 0.88140595 -0.21210209 0.42191836 0.047920171 0.92896503 0.36688706 -0.46980453 -0.3031711 0.82899809 -1.3493658 -0.45148253 1.0850701
redkitchen/seq-03/frame-000177 PINHOLE 640 480 525 525 320 240 0.88652593 -0.20488214 0.41469702 0.045918137 0.93105054 0.3618212 -0.46027386 -0.30173483 0.83484763 -1.3544755 -0.45304832 1.093349
redkitchen/seq-03/frame-000178 PINHOLE 640 480 525 525 320 240 0.88635212 -0.20459615 0.41520903 0.045641769 0.93121791 0.36142525 -0.46063557 -0.30141234 0.83476454 -1.3541403 -0.45317125 1.0932149
redkitchen/seq-03/frame-000179 PINHOLE 640 480 525 525 320 240 0.89073962 -0.19871993 0.40862137 0.043520428 0.932419 0.3585788 -0.45230207 -0.30163023 0.83923072 -1.3623573 -0.45691189 1.0984551
redkitchen/seq-03/frame-000180 PINHOLE 640 480 525 525 320 240 0.89551532 -0.19891393 0.39794907 0.049154487 0.93318987 0.35583434 -0.44218111 -0.29910722 0.84550375 -1.3700634 -0.46063825 1.1037308
redkitchen/seq-03/frame-000181 PINHOLE 640 480 525 525 320 240 0.90136999 -0.19729735 0.38533574 0.053328253 0.93388122 0.35341096 -0.42962298 -0.29801783 0.85233504 -1.3773655 -0.46334669 1.1102599
redkitchen/seq-03/frame-000182 PINHOLE 640 480 525 525 320 240 0.90648669 -0.19107005 0.37636641 0.050392963 0.9342351 0.35290584 -0.41908213 -0.30095154 0.85654169 -1.3838238 -0.46616191 1.1159708
redkitchen/seq-03/frame-000183 PINHOLE 640 480 525 525 320 240 0.90949565 -0.18299918 0.37310341 0.043078907 0.93444788 0.3533102 -0.41333863 -0.30527484 0.85780156 -1.389608 -0.46793288 1.1218961
redkitchen/seq-03/frame-000184 PINHOLE 640 480 525 525 320 240 0.91289681 -0.1777478 0.3672905 0.040094797 0.93479967 0.35272989 -0.40607718 -0.30729336 0.8605445 -1.3967633 -0.47133821 1.1264168
redkitchen/seq-03/frame-000185 PINHOLE 640 480 525 525 320 240 0.91666114 -0.17512232 0.35908392 0.04035062 0.93474156 0.35285461 -0.39748007 -0.3089729 0.86395025 -1.4032929 -0.47393987 1.131302
redkitchen/seq-03/frame-000186 PINHOLE 640 480 525 525 320 240 0.91670913 -0.17523125 0.35890853 0.040442895 0.93466967 0.35303456 -0.39736027 -0.30912882 0.86394954 -1.4035243 -0.47448891 1.1311162
redkitchen/seq-03/frame-000187 PINHOLE 640 480 525 525 320 240 0.9202047 -0.17272845 0.35109109 0.040988483 0.93485177 0.3524892 -0.38913926 -0.30998579 0.86737758 -1.4098909 -0.47513732 1.136409
redkitchen/seq-03/frame-000188 PINHOLE 640 480 525 525 320 240 0.92218363 -0.16340363 0.3503612 0.034109253 0.93708289 0.34725839 -0.38509694 -0.30829978 0.86977923 -1.4159609 -0.47164831 1.1436954
redkitchen/seq-03/frame-000189 PINHOLE 640 480 525 525 320 240 0.92152202 -0.15643974 0.35524613 0.027252182 0.93895161 0.34278753 -0.3872208 -0.3062194 0.86957109 -1.4206978 -0.47271764 1.1503686
redkitchen/seq-03/frame-000190 PINHOLE 640 480 525 525 320 240 0.92196727 -0.16096412 0.35205537 0.034462512 0.93991429 0.33948418 -0.38558286 -0.30087459 0.87216073 -1.4263016 -0.47726512 1.1545572
redkitchen/seq-03/frame-000191 PINHOLE 640 480 525 525 320 240 0.92209262 -0.16127905 0.35158274 0.034930788 0.93988144 0.33952704 -0.385241 -0.30080825 0.87233466 -1.4266012 -0.4783093 1.1541401
redkitchen/seq-03/frame-000192 PINHOLE 640 480 525 525 320 240 0.92481077 -0.16460373 0.34279212 0.042689335 0.94064605 0.33650833 -0.37787268 -0.29658657 0.8769905 -1.4334095 -0.47758546 1.1599017
redkitchen/seq-03/frame-000193 PINHOLE 640 480 525 525 320 240 0.9259491 -0.16109583 0.34138298 0.041489411 0.94226265 0.33210677 -0.37520945 -0.2933636 0.87921506 -1.4388961 -0.47688013 1.1663632
redkitchen/seq-03/frame-000194 PINHOLE 640 480 525 525 320 240 0.9249078 -0.1634078 0.34310257 0.043496437 0.94236594 0.33155632 -0.37754318 -0.29174858 0.8787533 -1.4432305 -0.48190501 1.1706545
redkitchen/seq-03/frame-000195 PINHOLE 640 480 525 525 320 240 0.92446661 -0.16782434 0.3421579 0.048202265 0.94204408 0.33181942 -0.3780514 -0.29027641 0.87902206 -1.4476634 -0.4882488 1.1735442
redkitchen/seq-03/frame-000196 PINHOLE 640 480 525 525 320 240 0.92518473 -0.17038733 0.33893484 0.052250642 0.94212204 0.33098465 -0.37574956 -0.28852549 0.880584 -1.451982 -0.48944584 1.1773705
redkitchen/seq-03/frame-000197 PINHOLE 640 480 525 525 320 240 0.92541075 -0.17303646 0.33697024 0.055609398 0.94193614 0.33096638 -0.37470964 -0.28755417 0.88134462 -1.4559296 -0.49283221 1.1813262
redkitchen/seq-03/frame-000198 PINHOLE 640 480 525 525 320 240 0.92482257 -0.17364599 0.33826846 0.05684685 0.94272161 0.3285102 -0.37597355 -0.28459707 0.88176602 -1.4605329 -0.49246413 1.1860163
redkitchen/seq-03/frame-000199 PINHOLE 640 480 525 525 320 240 0.92290157 -0.1800085 0.34018293 0.063685998 0.94307077 0.32624489 -0.37957975 -0.27943948 0.88187039 -1.4641252 -0.49826214 1.1895511
